
                       be used for evaluation purposes
12-Jul-2019 19:58
                       _______________________________

                       P E A K     F I T     R E P O R T
                       _______________________________

 Spectrum file Analysed: AG02262019_Fe01_18cm_room131.Chn 
 Sample Title : Sr60-3_p40                                       

 Spectrum saved on 26-Feb-2019 at 21:47    Collected on 26-Feb-2019 at 11:40
 Sample  Taken  on 26-Feb-2019 at 11:40    Decayed      0 Days,     0 mins.

            Detector file number used:     1
            Energy     Calibration Performed on 12-Jul-2019 at 17:02
            Peak Shape Calibration Performed on 12-Jul-2019 at 17:38

 

   Datetime:  26-Feb-2019  11:40
   Live:       312.00 
   Mass:      
   Shelf:     
   Detector:      1


   Reported Activity values were rounded     
   FitzPeaks Version: 3.71 23rd January 2014           

 Peak   Centre   FW@HM         Goodness   Peak      %      Gammas       %      2 Sigma
Energy  Channel  (KeV)  Signif  of Fit    Area   Uncert.  per sec.   Uncert. Background

   72.6   387.0   1.14!   19.1    2.76      9052   10.8   2.9013e+01   10.8    12429
   74.8   398.5   1.14!   30.5    2.76     17936    5.5   5.7486e+01    5.5    11393
   84.7   450.9   1.15!   12.6    2.80      7664    4.8   2.4565e+01    4.8     9598
   87.2   464.2   1.16!    6.0    2.80      2179   13.6   6.9843e+00   13.6     9598
   91.9   489.3   1.16!   15.5    2.80      5478    6.0   1.7556e+01    6.0     8798
  122.0   649.6   1.04     4.4    1.57      1330   23.3   4.2617e+00   23.3     8896
  385.5  2052.3   1.31     4.8    1.07      1113   22.1   3.5665e+00   22.1     5734
  411.8  2192.1   1.45    10.6    0.95      2416   10.2   7.7423e+00   10.2     4917
  477.6  2542.4   1.54    51.9    1.60     34597    1.4   1.1089e+02    1.4     4607
  478.7  2548.2   1.54     5.4    1.60      3680    9.7   1.1794e+01    9.7     4607
  511.5  2722.6   2.85    59.8    2.88    385434    0.9   1.2354e+03    0.9    22779
  514.3  2737.3   1.42     6.0    2.88      3643   39.4   1.1677e+01   39.4    11811
  520.4  2770.0   1.45     6.9    1.45      1479   17.4   4.7416e+00   17.4     4733
  744.9  3965.0   1.92!   32.4    1.27     15063    2.1   4.8278e+01    2.1     3134
  804.5  4282.2   1.73     9.5    1.23      2125    8.5   6.8121e+00    8.5     2035
  827.8  4406.0   1.76     3.7    1.09       305   39.3   9.7777e-01   39.3     1571
  836.0  4449.8   1.77     3.5    1.09       206   59.3   6.6117e-01   59.3     1670
  847.6  4511.3   1.94    80.8    2.40     77739    0.9   2.4916e+02    0.9     1880
  848.9  4518.2   1.95     6.3    2.40      5574    7.1   1.7865e+01    7.1     1880
  932.2  4961.8   2.14!   79.5    2.08     80017    0.8   2.5647e+02    0.8     1828
  936.4  4984.1   2.15!   29.7    2.08     13470    2.2   4.3172e+01    2.2     1828
  985.3  5244.4   1.92     4.6    0.81       584   24.1   1.8709e+00   24.1     1590
 1038.8  5529.2   1.97     5.7    0.66       744   18.1   2.3856e+00   18.1     1406
 1158.5  6166.1   2.09     3.5    1.07       467   29.8   1.4971e+00   29.8     1378
 1213.9  6461.1   2.15     3.5    0.96       255   49.5   8.1756e-01   49.5     1164
 1239.6  6597.6   2.28    12.5    0.87      2544    5.8   8.1525e+00    5.8     1080
 1247.4  6639.5   2.29     4.9    0.87       517   22.6   1.6576e+00   22.6     1080
 1300.7  6923.0   2.24     3.3    0.99       254   42.2   8.1427e-01   42.2      891
 1317.9  7014.4   2.36    20.5    1.05      5688    3.3   1.8232e+01    3.3      865
 1335.0  7105.4   2.27     6.1    1.01       510   20.7   1.6336e+00   20.7      705
 1371.2  7298.0   2.36    12.2    1.24      2266    6.3   7.2624e+00    6.3      704
 1410.0  7504.6   2.36    31.7    2.40     12511    2.2   4.0098e+01    2.2      722
 1435.6  7640.7   2.37    29.4    1.66     10232    2.2   3.2794e+01    2.2      722
 1443.5  7683.2   2.38     3.7    1.66       356   30.7   1.1422e+00   30.7      755
 1603.1  8532.5   2.55     3.6    1.50       307   35.3   9.8486e-01   35.3      652
 1773.2  9437.9   2.72     5.2    0.89       472   18.0   1.5144e+00   18.0      380
 1812.6  9647.7   2.63    29.9    2.64     11488    2.2   3.6821e+01    2.2      335
 2037.0 10842.0   2.99     4.5    1.02       248   21.3   7.9583e-01   21.3      117
 2115.3 11258.7   2.73    21.1    2.35      5188    3.2   1.6629e+01    3.2       89
 2179.4 11599.6   3.13     4.4    1.05       190   25.4   6.0837e-01   25.4       80
 2525.8 13443.5   3.48     5.1    0.96       344   12.8   1.1020e+00   12.8       23
 2601.2 13844.7   3.56     6.2    1.04       356   13.0   1.1398e+00   13.0       17
 2660.0 14157.6   3.62     4.9    1.02       223   17.4   7.1421e-01   17.4       19
 2756.8 14672.5   3.72     3.6    0.84        58   48.9   1.8514e-01   48.9       31
 2874.8 15300.8   3.84     3.7    0.57        46   54.3   1.4761e-01   54.3       14
 2963.3 15771.6   3.93     3.6    0.72        92   31.8   2.9356e-01   31.8       16

 ! indicates the Iterative Peak Width fitting reached a limiting value.
