
                       be used for evaluation purposes
12-Jul-2019 20:02
                       _______________________________

                       P E A K     F I T     R E P O R T
                       _______________________________

 Spectrum file Analysed: AH02262019_Fe02_10cm_room131.Chn 
 Sample Title : Sr60-3_p40                                       

 Spectrum saved on 26-Feb-2019 at 21:54    Collected on 26-Feb-2019 at 11:48
 Sample  Taken  on 26-Feb-2019 at 11:48    Decayed      0 Days,     0 mins.

            Detector file number used:     1
            Energy     Calibration Performed on 12-Jul-2019 at 17:02
            Peak Shape Calibration Performed on 12-Jul-2019 at 17:38

 

   Datetime:  26-Feb-2019  11:48
   Live:       307.00 
   Mass:      
   Shelf:     
   Detector:      1


   Reported Activity values were rounded     
   FitzPeaks Version: 3.71 23rd January 2014           

 Peak   Centre   FW@HM         Goodness   Peak      %      Gammas       %      2 Sigma
Energy  Channel  (KeV)  Signif  of Fit    Area   Uncert.  per sec.   Uncert. Background

   72.7   387.2   1.04    11.8    1.04      2649   14.3   8.6283e+00   14.3     3543
   74.9   398.7   1.04    19.4    1.04      5016    7.8   1.6340e+01    7.8     3543
   84.7   451.3   1.13     8.4    1.25      2169    8.3   7.0638e+00    8.3     3112
   87.3   465.0   1.13     4.8    1.25       550   30.3   1.7900e+00   30.3     3395
   91.9   489.7   1.14    10.4    1.25      2357    7.9   7.6785e+00    7.9     3112
  122.1   650.1   1.04     6.2    1.12      1275   15.0   4.1538e+00   15.0     2840
  385.6  2052.7   1.31     3.7    0.72       354   38.6   1.1522e+00   38.6     2029
  411.9  2192.5   1.33     4.3    0.83       773   17.4   2.5175e+00   17.4     1636
  477.7  2542.9   1.56    35.3    1.43     14093    1.9   4.5904e+01    1.9     1736
  511.5  2722.7   2.80    35.5    1.95    134380    0.6   4.3772e+02    0.6     3562
  514.5  2738.8   1.37     5.7    1.95       880   21.8   2.8664e+00   21.8     1918
  520.5  2770.3   1.37     5.7    1.95       607   24.1   1.9767e+00   24.1     1781
  744.9  3965.1   1.67     8.5    0.84      1134   10.8   3.6934e+00   10.8     1046
  804.5  4282.3   1.73     7.2    0.70       854   12.3   2.7804e+00   12.3      758
  836.0  4449.6   1.77     3.7    0.91       203   44.2   6.6160e-01   44.2      671
  847.6  4511.6   1.97    71.0    1.96     55808    0.9   1.8179e+02    0.9      822
  932.2  4961.8   2.05    51.2    1.06     29530    1.1   9.6189e+01    1.1      617
  936.4  4984.1   2.06     6.7    1.06      1179   10.8   3.8400e+00   10.8      617
  984.8  5241.6   1.92     4.4    1.13       463   21.1   1.5069e+00   21.1      674
 1038.8  5529.0   1.97     7.2    0.93       660   15.0   2.1500e+00   15.0      554
 1158.3  6165.3   2.09     4.0    1.15       273   33.3   8.9081e-01   33.3      553
 1239.6  6597.6   2.30    14.5    1.43      2539    5.1   8.2688e+00    5.1      406
 1313.3  6990.1   2.31     5.8    0.90       266   29.2   8.6579e-01   29.2      409
 1317.8  7014.1   2.31    12.6    0.90      2069    5.4   6.7389e+00    5.4      409
 1361.6  7247.2   2.30     3.3    0.92       132   49.0   4.3128e-01   49.0      382
 1371.0  7297.4   2.31     7.0    0.92       922    9.4   3.0026e+00    9.4      382
 1409.9  7504.4   2.37    18.8    1.24      4660    3.2   1.5179e+01    3.2      350
 1435.6  7641.1   2.37     6.9    1.07       705   12.1   2.2977e+00   12.1      393
 1443.2  7681.5   2.38     3.6    1.07       243   30.6   7.9076e-01   30.6      411
 1603.9  8536.7   2.55     3.4    0.92       210   35.8   6.8308e-01   35.8      363
 1773.3  9438.2   2.72     5.0    1.03       412   17.3   1.3404e+00   17.3      203
 1812.6  9647.7   2.58    26.9    2.30      7399    2.7   2.4101e+01    2.7      178
 2017.3 10737.0   2.97     3.4    1.09        86   48.7   2.7874e-01   48.7       85
 2037.2 10842.8   2.99     3.7    1.04       205   19.6   6.6705e-01   19.6       59
 2115.4 11258.9   2.79    16.8    1.45      3416    3.4   1.1126e+01    3.4       24
 2525.4 13441.3   3.48     5.4    0.99       185   19.4   6.0423e-01   19.4       10
 2601.5 13846.2   3.56     4.3    0.89       323   13.3   1.0512e+00   13.3       11
 2660.3 14159.3   3.62     4.1    0.89       152   22.4   4.9421e-01   22.4       11
 2756.9 14673.3   3.72     3.7    0.77        57   46.4   1.8689e-01   46.4       20
 2962.5 15767.7   3.93     3.6    0.52        95   30.1   3.0966e-01   30.1        8
