
                       be used for evaluation purposes
12-Jul-2019 20:05
                       _______________________________

                       P E A K     F I T     R E P O R T
                       _______________________________

 Spectrum file Analysed: AI02262019_Fe03_10cm_room131.Chn 
 Sample Title : Sr60-3_p40                                       

 Spectrum saved on 26-Feb-2019 at 22:01    Collected on 26-Feb-2019 at 11:55
 Sample  Taken  on 26-Feb-2019 at 11:55    Decayed      0 Days,     0 mins.

            Detector file number used:     1
            Energy     Calibration Performed on 12-Jul-2019 at 17:02
            Peak Shape Calibration Performed on 12-Jul-2019 at 17:38

 

   Datetime:  26-Feb-2019  11:55
   Live:       308.00 
   Mass:      
   Shelf:     
   Detector:      1


   Reported Activity values were rounded     
   FitzPeaks Version: 3.71 23rd January 2014           

 Peak   Centre   FW@HM         Goodness   Peak      %      Gammas       %      2 Sigma
Energy  Channel  (KeV)  Signif  of Fit    Area   Uncert.  per sec.   Uncert. Background

   72.7   387.5   0.95    11.1    0.71      1541   16.6   5.0033e+00   16.6     1978
   74.9   398.9   0.95    17.4    0.71      3017    9.0   9.7940e+00    9.0     2198
   84.7   451.1   1.00     7.0    1.24      1248   10.4   4.0535e+00   10.4     1720
   87.5   465.8   1.01     3.3    1.24       324   34.3   1.0533e+00   34.3     1720
   92.0   489.7   1.01     6.8    1.24       975   12.5   3.1669e+00   12.5     1720
  122.1   650.1   1.05    10.7    1.07      1687    9.0   5.4775e+00    9.0     1648
  385.6  2052.6   1.31     3.8    0.94       188   58.9   6.1020e-01   58.9     1241
  411.9  2192.8   1.33     3.6    0.91       330   32.1   1.0717e+00   32.1     1064
  477.7  2543.0   1.52    22.9    1.04      6154    3.2   1.9980e+01    3.2     1041
  511.5  2722.8   2.80    26.8    1.88     62152    0.9   2.0179e+02    0.9     2299
  520.4  2769.9   1.37     4.3    1.88       313   34.2   1.0169e+00   34.2     1238
  744.9  3964.9   1.67     4.2    0.80       203   44.7   6.5813e-01   44.7      674
  789.1  4200.3   1.72     4.0    0.99       182   44.3   5.9178e-01   44.3      545
  804.4  4281.8   1.73     4.9    1.39       355   24.9   1.1517e+00   24.9      551
  835.6  4447.6   1.77     3.6    0.68       231   34.5   7.4885e-01   34.5      513
  847.6  4511.7   1.96    70.0    2.25     51256    0.9   1.6642e+02    0.9      586
  932.2  4961.9   2.05    32.0    0.87     12423    1.7   4.0334e+01    1.7      547
  984.7  5241.1   1.92     5.6    0.97       471   17.9   1.5282e+00   17.9      475
 1038.9  5529.9   1.97     9.1    0.64       937   10.0   3.0411e+00   10.0      446
 1158.2  6164.3   2.09     3.4    0.87       237   31.8   7.6874e-01   31.8      390
 1177.0  6264.8   2.11     3.5    0.73       175   39.2   5.6684e-01   39.2      351
 1239.6  6597.6   2.25    17.2    1.03      3551    3.8   1.1528e+01    3.8      318
 1301.1  6925.1   2.24     3.4    0.79       164   36.2   5.3360e-01   36.2      305
 1313.3  6990.0   2.25     4.2    0.79       348   17.8   1.1297e+00   17.8      319
 1317.9  7014.3   2.26     7.7    0.79       901    8.4   2.9247e+00    8.4      305
 1361.8  7248.0   2.30     3.4    1.24       226   27.3   7.3225e-01   27.3      312
 1370.9  7296.9   2.31     4.1    1.24       431   17.6   1.3984e+00   17.6      312
 1409.9  7504.4   2.44    11.4    0.94      1980    5.5   6.4301e+00    5.5      292
 1603.7  8535.8   2.55     3.6    1.01       171   39.8   5.5382e-01   39.8      303
 1773.2  9437.8   2.72     6.2    0.94       695   10.3   2.2555e+00   10.3      164
 1812.6  9647.7   2.58    24.1    1.39      6337    2.7   2.0574e+01    2.7      175
 2017.4 10737.7   2.97     3.7    0.90       101   36.2   3.2759e-01   36.2       68
 2037.0 10842.0   2.99     5.5    0.89       267   16.4   8.6826e-01   16.4       53
 2087.6 11111.4   3.04     3.3    1.02        65   51.1   2.1189e-01   51.1       50
 2115.4 11258.9   2.67    16.5    1.34      3014    3.8   9.7854e+00    3.8       50
 2525.5 13441.8   3.48     4.2    0.83       194   18.9   6.2839e-01   18.9       17
 2601.4 13845.9   3.56     5.9    0.97       476   10.3   1.5466e+00   10.3        2
 2659.8 14156.8   3.62     3.6    0.70       121   25.2   3.9366e-01   25.2       11
 2744.5 14607.2   3.70     3.4    0.72        42   53.8   1.3484e-01   53.8       13
 2757.0 14673.9   3.72     3.4    0.72        54   47.5   1.7542e-01   47.5       13
 2962.1 15765.2   3.93     3.5    0.67        66   41.4   2.1446e-01   41.4       19
