
                       be used for evaluation purposes
12-Jul-2019 20:30
                       _______________________________

                       P E A K     F I T     R E P O R T
                       _______________________________

 Spectrum file Analysed: AL02282019_Fe-01_10cm_room131.Ch 
 Sample Title : Fe-01-L, p-10                                    

 Spectrum saved on 28-Feb-2019 at 19:13    Collected on 28-Feb-2019 at  8:05
 Sample  Taken  on 28-Feb-2019 at  8:05    Decayed      0 Days,     0 mins.

            Detector file number used:     1
            Energy     Calibration Performed on 12-Jul-2019 at 17:02
            Peak Shape Calibration Performed on 12-Jul-2019 at 17:38

 

   Datetime:  28-Feb-2019   8:05
   Live:      3601.00 
   Mass:      
   Shelf:     
   Detector:      1


   Reported Activity values were rounded     
   FitzPeaks Version: 3.71 23rd January 2014           

 Peak   Centre   FW@HM         Goodness   Peak      %      Gammas       %      2 Sigma
Energy  Channel  (KeV)  Signif  of Fit    Area   Uncert.  per sec.   Uncert. Background

   72.7   387.2   1.04    55.9    2.48     48254    4.0   1.3400e+01    4.0    54499
   74.9   398.7   1.04    80.3    2.48     88118    2.3   2.4470e+01    2.3    54499
   84.7   451.1   1.15!   35.6    1.82     38868    4.1   1.0794e+01    4.1    55164
   87.3   464.9   1.16!   14.0    1.82     10068   15.3   2.7960e+00   15.3    55164
   91.9   489.6   1.05    40.1    1.03     30619    4.9   8.5030e+00    4.9    46532
  122.1   650.0   1.13    53.2    1.82     50550    2.0   1.4038e+01    2.0    54025
  136.5   726.8   1.06    10.8    1.28      5414   13.5   1.5035e+00   13.5    44992
  159.5   849.2   1.08     8.8    0.45      5101   13.2   1.4165e+00   13.2    50190
  271.5  1445.2   1.19     5.8    1.05      3943   17.7   1.0950e+00   17.7    54770
  320.4  1705.5   1.24     9.1    0.79      5364   13.9   1.4895e+00   13.9    62371
  346.5  1844.4   1.35    10.3    0.96      6556   10.7   1.8207e+00   10.7    45024
  385.7  2053.0   1.42    11.9    1.00      6013    9.6   1.6697e+00    9.6    31359
  399.8  2128.3   1.32     3.3    1.39      1177   44.8   3.2681e-01   44.8    25658
  411.9  2192.7   1.52    20.0    1.11     12781    5.0   3.5494e+00    5.0    26622
  477.8  2543.0   1.55   128.7    3.81    188345    0.7   5.2304e+01    0.7    24897
  508.7  2707.6   1.39     6.5    6.02     16145   24.4   4.4836e+00   24.4    50440
  511.6  2722.9   2.83   144.7    6.02   2151340    0.4   5.9743e+02    0.4   100880
  514.4  2738.3   1.39     7.2    6.02     19323   20.2   5.3660e+00   20.2    54320
  520.4  2770.2   1.46    16.9    1.67      8301    7.5   2.3051e+00    7.5    24017
  600.9  3198.4   1.53     6.1    0.92      1754   26.3   4.8706e-01   26.3    20669
  648.3  3450.9   1.58     3.4    1.13      1587   30.6   4.4060e-01   30.6    21855
  745.0  3965.4   1.86   172.8    4.29    347918    0.5   9.6617e+01    0.5    19325
  804.6  4282.6   1.87    25.7    0.90     11782    3.4   3.2720e+00    3.4    12278
  811.7  4320.1   1.87     5.9    0.90      1950   18.0   5.4140e-01   18.0    12278
  828.4  4409.3   1.82     5.0    1.01      1649   18.7   4.5803e-01   18.7     9495
  835.8  4448.4   1.83    22.0    1.01      8596    4.1   2.3872e+00    4.1     9495
  847.7  4511.9   1.96   107.2    2.82    148017    0.8   4.1105e+01    0.8     9305
  849.1  4519.6   1.96     5.9    2.82     12656    5.4   3.5146e+00    5.4     9821
  893.5  4755.6   1.82     3.4    0.81       510   56.7   1.4170e-01   56.7     8265
  897.3  4775.9   1.83     3.4    0.81       712   41.3   1.9776e-01   41.3     8751
  923.5  4915.6   1.85     3.5    0.99      1209   27.0   3.3568e-01   27.0     8697
  932.3  4962.2   2.06   185.1    8.65    392286    0.5   1.0894e+02    0.5     9817
  936.5  4984.7   2.07   161.8    8.65    306826    0.6   8.5206e+01    0.6     9817
  978.2  5206.7   2.01     4.4    1.70      1351   24.7   3.7519e-01   24.7     9944
  984.9  5242.2   2.02    13.9    1.70      6077    6.3   1.6875e+00    6.3     9944
 1038.9  5529.8   2.22    33.0    1.21     18373    2.6   5.1022e+00    2.6     9942
 1158.4  6165.5   2.09     4.5    0.92      1412   25.0   3.9223e-01   25.0     9749
 1176.4  6261.4   2.11     7.2    0.94      2309   15.6   6.4109e-01   15.6    10122
 1213.9  6461.1   2.15     4.2    0.74      1410   23.7   3.9147e-01   23.7     9057
 1239.6  6597.7   2.39    79.1    1.72     72638    0.9   2.0172e+01    0.9     7182
 1247.6  6640.6   2.40    24.4    1.72     11702    3.0   3.2496e+00    3.0     7182
 1255.8  6684.1   2.41     3.3    1.72       777   36.9   2.1590e-01   36.9     7182
 1313.3  6990.0   2.33    10.2    1.19      3279    7.7   9.1072e-01    7.7     3297
 1318.0  7014.9   2.34    47.2    1.19     28098    1.4   7.8029e+00    1.4     3297
 1335.1  7106.0   2.35    30.0    1.71     12930    2.3   3.5906e+00    2.3     2508
 1361.6  7247.2   2.40    16.6    1.81      4784    4.3   1.3285e+00    4.3     2132
 1371.3  7298.7   2.41    29.8    1.81     12205    2.3   3.3894e+00    2.3     2132
 1410.1  7505.0   2.35     5.7    7.87     61574    1.2   1.7099e+01    1.2     1791
 1435.7  7641.3   2.34    10.7   40.33    228662    0.9   6.3500e+01    0.9     1956
 1443.7  7684.0   2.38     9.4    2.47      3112   11.6   8.6424e-01   11.6     3333
 1577.5  8396.2   2.52     4.8    1.03       732   19.4   2.0319e-01   19.4     1363
 1624.3  8645.1   2.57     3.5    1.06       229   56.6   6.3657e-02   56.6     1159
 1681.3  8948.5   2.29    10.5    0.71      1278   10.0   3.5500e-01   10.0      916
 1750.9  9319.3   2.70     3.5    1.06       284   43.2   7.8990e-02   43.2     1024
 1773.3  9438.3   2.63    34.2    2.22     13038    2.1   3.6207e+00    2.1      827
 1793.9  9548.1   2.74     3.5    1.31       262   45.8   7.2841e-02   45.8      937
 1812.6  9647.6   2.76     5.6    0.83       537   22.0   1.4922e-01   22.0      850
 1829.4  9736.9   2.78     3.3    1.01       211   52.3   5.8727e-02   52.3      832
 1921.0 10224.2   2.87     3.8    1.31       572   20.1   1.5891e-01   20.1      708
 1946.7 10360.9   2.89     5.2    1.27       731   15.8   2.0296e-01   15.8      690
 1965.9 10463.3   2.91     4.6    1.06       540   19.1   1.5004e-01   19.1      549
 2017.5 10738.2   2.86    10.8    1.30      2338    5.7   6.4919e-01    5.7      483
 2037.0 10841.9   2.72    21.1    1.30      5519    3.1   1.5328e+00    3.1      474
 2089.2 11119.8   3.04     4.3    1.54      1386    9.1   3.8484e-01    9.1      521
 2115.5 11259.6   3.07     3.5    1.01       293   31.3   8.1272e-02   31.3      487
 2146.6 11425.3   3.10     3.6    0.96       343   26.3   9.5279e-02   26.3      456
 2180.3 11604.3   2.79    10.1    1.21      1757    6.8   4.8790e-01    6.8      463
 2215.6 11792.5   3.17     4.1    0.79       330   28.1   9.1624e-02   28.1      457
 2233.4 11887.1   3.19     3.6    1.07       481   21.0   1.3344e-01   21.0      519
 2252.9 11991.0   3.21     3.3    0.99       233   38.8   6.4596e-02   38.8      528
 2372.0 12624.7   3.33     8.1    0.88       865   12.7   2.4010e-01   12.7      556
 2601.4 13845.8   3.03!   29.3    3.17      9907    2.5   2.7511e+00    2.5      183
 2693.5 14335.9   3.65     4.1    1.15       447   17.3   1.2401e-01   17.3      211
 2745.2 14611.2   3.70     4.8    1.19       864   10.5   2.4001e-01   10.5      279
 2757.2 14674.8   3.72     3.7    1.19       234   35.1   6.4907e-02   35.1      288
 2875.1 15302.2   3.84     3.6    0.94       274   27.1   7.6119e-02   27.1      254
 2942.4 15660.4   3.91     3.7    1.08       284   27.4   7.8974e-02   27.4      285
 3013.0 16036.2   3.98     6.1    1.21       807    9.3   2.2415e-01    9.3      178
 3026.1 16106.3   3.99     3.3    1.21       304   17.6   8.4487e-02   17.6      178

 ! indicates the Iterative Peak Width fitting reached a limiting value.
