
                       be used for evaluation purposes
 5-Apr-2019 16:04
                       _______________________________

                       P E A K     F I T     R E P O R T
                       _______________________________

 Spectrum file Analysed: AL20190201_Ba133_05cm_room131.Ch 
 Sample Title : Cs137                                            

 Spectrum saved on  1-Feb-2019 at 12:06    Collected on  1-Feb-2019 at 10:41
 Sample  Taken  on  1-Feb-2019 at 10:41    Decayed      0 Days,     0 mins.

            Detector file number used:     1
            Energy     Calibration Performed on  7-Mar-2019 at 14:38
            Peak Shape Calibration Performed on  7-Mar-2019 at 14:40

 

   Datetime:   1-Feb-2019  10:41
   Live:      1397.00 
   Mass:      
   Shelf:     
   Detector:      1


   Reported Activity values were rounded     
   FitzPeaks Version: 3.71 23rd January 2014           

 Peak   Centre   FW@HM         Goodness   Peak      %      Gammas       %      2 Sigma
Energy  Channel  (KeV)  Signif  of Fit    Area   Uncert.  per sec.   Uncert. Background

   53.0   282.5   0.90    49.3    1.49     22570    2.0   1.6156e+01    2.0     7150
   61.6   328.2   1.03    20.0    1.92     10476    6.0   7.4986e+00    6.0    19354
   65.7   350.2   1.03     8.8    1.92      3561   17.3   2.5488e+00   17.3    19354
   70.9   377.5   0.87     3.4    1.49       826   42.8   5.9124e-01   42.8     9579
   72.7   387.2   0.87    12.2    1.49      2911   12.2   2.0839e+00   12.2     9579
   74.9   398.7   0.87    21.8    1.49      6158    5.8   4.4081e+00    5.8     9579
   79.5   423.4   0.95     9.0    1.90     25951    2.0   1.8576e+01    2.0     5356
   80.9   430.9   0.95   209.1    1.90    366462    0.3   2.6232e+02    0.3     5952
   84.6   450.5   0.98     8.0    2.98      3009   10.2   2.1542e+00   10.2     4462
   87.4   465.3   0.98     3.4    2.98       598   41.9   4.2799e-01   41.9     4957
  110.2   586.7   1.06     5.5    1.43      1330   17.7   9.5196e-01   17.7     5679
  111.7   595.0   1.07    27.0    1.43      9327    3.2   6.6765e+00    3.2     5163
  115.9   617.3   1.07     7.8    1.43      2043   11.8   1.4621e+00   11.8     5679
  160.6   855.0   1.07    20.6    1.50      6381    5.7   4.5677e+00    5.7     7511
  223.3  1188.5   1.14    14.4    0.78      3090    6.7   2.2122e+00    6.7     3262
  276.4  1471.5   1.21    68.3    1.05     40222    1.0   2.8792e+01    1.0     1045
  302.9  1612.3   1.25   102.2    1.68     96869    0.6   6.9341e+01    0.6      923
  307.2  1635.3   1.26    10.8    1.68      1920    6.9   1.3742e+00    6.9     1000
  311.4  1657.8   1.26     3.5    1.68       393   27.8   2.8143e-01   27.8      923
  333.7  1776.2   1.34    21.2    1.26      4632    3.6   3.3156e+00    3.6      858
  338.0  1799.2   1.35     7.5    1.26      1060   10.5   7.5908e-01   10.5      858
  356.0  1895.3   1.32   184.0    5.22    290595    0.5   2.0801e+02    0.5      808
  376.9  2006.2   1.32     5.7    1.23       364   23.5   2.6034e-01   23.5      571
  383.9  2043.4   1.39    63.4    1.27     42178    1.0   3.0192e+01    1.0      757
  386.8  2059.1   1.39    30.8    1.27     10736    2.4   7.6848e+00    2.4      816
  391.1  2081.9   1.40    13.2    1.27      2252    7.9   1.6117e+00    7.9      816
  414.7  2207.2   1.41    10.6    1.30      1331    6.7   9.5307e-01    6.7      376
  418.7  2229.0   1.42     3.4    1.30       308   22.1   2.2054e-01   22.1      376
  437.0  2325.9   1.40    25.6    1.02      5164    2.7   3.6966e+00    2.7      124
  467.7  2489.8   1.43     3.3    1.35        97   32.8   6.9427e-02   32.8       57
