
                       be used for evaluation purposes
 5-Apr-2019 16:06
                       _______________________________

                       P E A K     F I T     R E P O R T
                       _______________________________

 Spectrum file Analysed: AM20190201_Eu152_05cm_room131.Ch 
 Sample Title : Cs137                                            

 Spectrum saved on  1-Feb-2019 at 12:59    Collected on  1-Feb-2019 at 11:07
 Sample  Taken  on  1-Feb-2019 at 11:07    Decayed      0 Days,     0 mins.

            Detector file number used:     1
            Energy     Calibration Performed on  7-Mar-2019 at 14:38
            Peak Shape Calibration Performed on  7-Mar-2019 at 14:40

 

   Datetime:   1-Feb-2019  11:07
   Live:      2939.00 
   Mass:      
   Shelf:     
   Detector:      1


   Reported Activity values were rounded     
   FitzPeaks Version: 3.71 23rd January 2014           

 Peak   Centre   FW@HM         Goodness   Peak      %      Gammas       %      2 Sigma
Energy  Channel  (KeV)  Signif  of Fit    Area   Uncert.  per sec.   Uncert. Background

   39.3   209.6   0.94    15.2    4.33    506453    1.3   1.7232e+02    1.3    72811
   39.9   212.8   0.94   270.7    4.33    958086    0.7   3.2599e+02    0.7    80901
   42.7   227.7   0.97    20.0    3.04     11546   15.9   3.9287e+00   15.9    37050
   45.2   240.9   0.95   167.3    1.81    297223    0.5   1.0113e+02    0.5    13894
   46.4   247.3   0.95    26.9    1.81     81338    1.5   2.7675e+01    1.5    12505
   48.5   258.2   0.96    11.9    1.81      3453   29.5   1.1748e+00   29.5    13894
   72.6   386.9   0.99    31.9    1.38     16261    5.1   5.5330e+00    5.1    15303
   74.8   398.5   0.99    45.0    1.38     29097    3.1   9.9003e+00    3.1    13773
   79.7   424.4   1.12!   11.6    3.10      7498    7.6   2.5511e+00    7.6    16975
   84.7   451.3   1.13!   18.0    1.87     13666    8.5   4.6499e+00    8.5    27450
   87.1   463.7   1.13!    5.6    1.87      2574   43.7   8.7587e-01   43.7    27450
  111.9   595.8   1.01     3.3    0.83      1076   28.6   3.6606e-01   28.6    11689
  114.7   610.7   1.01     3.3    0.83       624   49.0   2.1236e-01   49.0    11689
  121.7   648.0   1.04   274.8    0.59    678737    0.2   2.3094e+02    0.2    10747
  122.9   654.3   1.04     9.7    0.59     15214    3.9   5.1765e+00    3.9    11822
  161.6   860.4   1.23!   26.0    3.20     18170    2.9   6.1825e+00    2.9    13245
  167.2   890.0   1.24!    9.8    3.20      3960   11.2   1.3473e+00   11.2    13245
  212.0  1128.5   1.13     3.4    1.10       500   55.4   1.7022e-01   55.4     8482
  244.7  1302.5   1.22   107.6    1.41    113577    0.6   3.8645e+01    0.6     6795
  247.8  1319.3   1.22     3.5    1.41       779   35.7   2.6514e-01   35.7     6795
  251.6  1339.4   1.23     4.6    1.41       916   30.7   3.1167e-01   30.7     6795
  271.0  1442.4   1.20     4.8    1.23       907   26.7   3.0870e-01   26.7     5332
  284.6  1514.9   1.31    10.5    1.29      3807    6.3   1.2953e+00    6.3     5531
  290.2  1545.1   1.31     3.5    1.29       787   25.5   2.6767e-01   25.5     5531
  295.9  1575.3   1.32    20.3    1.29      5634    4.6   1.9169e+00    4.6     5531
  315.2  1677.7   1.25     3.5    0.75       552   36.9   1.8784e-01   36.9     4466
  324.9  1729.4   1.26     5.2    1.31       960   19.8   3.2679e-01   19.8     4601
  329.4  1753.6   1.27     6.5    1.31      1451   13.9   4.9354e-01   13.9     4601
  344.3  1832.6   1.34   181.8    4.42    323361    0.4   1.1002e+02    0.4     4882
  366.4  1950.6   1.35     6.6    0.93      2276   10.9   7.7449e-01   10.9     4024
  367.8  1957.8   1.35    26.2    0.93      9676    3.0   3.2924e+00    3.0     4024
  411.1  2188.3   1.40    47.8    1.18     22321    1.6   7.5947e+00    1.6     3774
  416.0  2214.6   1.40     6.8    1.18       903   22.9   3.0737e-01   22.9     3774
  444.0  2363.2   1.47    52.3    1.07     28306    1.5   9.6312e+00    1.5     3925
  483.7  2574.9   1.50     4.0    1.42       867   23.5   2.9516e-01   23.5     4097
  488.7  2601.5   1.50    14.1    1.42      3305    7.0   1.1246e+00    7.0     4390
  503.5  2680.1   1.47     6.7    0.99      1312   16.4   4.4651e-01   16.4     3990
  520.5  2770.3   1.49     3.4    1.04       459   46.1   1.5621e-01   46.1     4374
  564.0  3002.0   1.65    13.4    1.07      4034    6.5   1.3725e+00    6.5     5117
  566.3  3014.1   1.65     4.3    1.07      1200   20.5   4.0816e-01   20.5     5117
  586.3  3120.5   1.64    13.6    1.29      3431    7.6   1.1673e+00    7.6     4569
  656.5  3494.4   1.65     5.7    1.39       967   23.9   3.2889e-01   23.9     4211
  674.7  3591.4   1.71     6.1    0.96      1037   20.6   3.5283e-01   20.6     4362
  678.5  3611.7   1.71    12.9    0.96      3023    7.6   1.0284e+00    7.6     4362
  688.6  3665.2   1.80    18.5    1.07      5486    4.9   1.8666e+00    4.9     4363
  712.9  3794.6   1.72     3.3    0.99       795   24.4   2.7050e-01   24.4     4501
  719.3  3828.6   1.72     6.6    0.99      1768   11.6   6.0163e-01   11.6     4501
  723.3  3849.7   1.73     4.0    0.99       821   24.8   2.7934e-01   24.8     4501
  755.5  4021.5   1.77     3.3    1.14       806   24.0   2.7416e-01   24.0     4583
  764.9  4071.3   1.78     5.5    1.14       920   21.5   3.1300e-01   21.5     4583
  778.9  4145.6   1.85    91.0    2.61     78496    0.8   2.6708e+01    0.8     3960
  810.4  4313.7   1.83     9.1    1.16      1900   12.4   6.4647e-01   12.4     3969
  841.4  4478.5   1.87     5.0    0.87       895   26.0   3.0461e-01   26.0     3975
  867.3  4616.4   1.97    44.3    1.41     21327    1.7   7.2566e+00    1.7     4534
  873.2  4647.6   1.98     3.5    1.41       498   47.3   1.6958e-01   47.3     4534
  896.8  4773.1   1.93     3.4    1.81       355   53.3   1.2076e-01   53.3     3709
  907.1  4828.0   1.95     4.8    1.81       744   24.7   2.5322e-01   24.7     3709
  919.3  4893.0   1.96     9.2    1.06      1970    9.7   6.7025e-01    9.7     2978
  926.1  4929.2   1.97     7.4    1.06      1181   14.7   4.0179e-01   14.7     3143
  930.3  4951.8   1.97     3.4    1.06       459   36.9   1.5606e-01   36.9     3143
  964.0  5130.8   2.08    87.3    2.70     70788    0.9   2.4086e+01    0.9     2735
  989.1  5264.7   2.35!    3.9    1.65       436   36.0   1.4838e-01   36.0     2533
  996.0  5301.6   2.36!    4.5    1.65       559   28.1   1.9032e-01   28.1     2648
 1004.5  5346.5   2.37!   12.7    1.65      6096    4.0   2.0742e+00    4.0     2648
 1009.5  5372.9   2.37!    3.5    1.65       485   33.7   1.6489e-01   33.7     2533
 1085.7  5778.8   2.26    69.8    1.54     48194    1.1   1.6398e+01    1.1     2107
 1089.6  5799.7   2.26    23.4    1.54      8167    3.4   2.7787e+00    3.4     2012
 1112.0  5918.5   2.23    76.5    1.12     60645    0.9   2.0635e+01    0.9     2207
 1123.0  5977.0   2.20     6.3    1.03      1547   11.6   5.2645e-01   11.6     2164
 1125.7  5991.7   2.20     6.3    1.03      1216   13.7   4.1380e-01   13.7     2272
 1131.3  6021.3   2.21     3.5    1.03       280   56.7   9.5240e-02   56.7     2272
 1151.7  6129.7   2.49    11.0    1.04      2314    8.9   7.8736e-01    8.9     2738
 1157.6  6161.5   2.50     3.3    1.04       508   37.5   1.7291e-01   37.5     2738
 1212.8  6455.2   2.39    22.3    1.79      5466    4.2   1.8598e+00    4.2     1715
 1233.5  6565.6   2.33     8.1    1.05      1021   14.9   3.4729e-01   14.9     1422
 1249.9  6652.4   2.35     6.9    0.97       864   12.4   2.9401e-01   12.4     1068
 1261.4  6713.8   2.36     3.5    0.97       151   55.6   5.1393e-02   55.6     1068
 1274.3  6782.6   2.38     6.7    0.97      1070   10.1   3.6409e-01   10.1     1117
 1292.5  6879.3   2.53     4.6    1.05       449   23.7   1.5291e-01   23.7      680
 1299.0  6913.7   2.54    23.4    1.05      6591    2.8   2.2424e+00    2.8      680
 1407.8  7493.3   2.58    91.6    4.53     75171    0.9   2.5577e+01    0.9      108
 1444.0  7685.8   2.64     5.2    1.03       290   25.4   9.8754e-02   25.4      245
 1447.7  7705.3   2.64    16.2    1.03      2713    4.1   9.2321e-01    4.1      245
 1453.5  7736.0   2.65     4.1    1.03       665   11.9   2.2625e-01   11.9      245
 1457.5  7757.4   2.66    13.3    1.03      1867    5.2   6.3533e-01    5.2      245
 1528.9  8137.8   3.08!   11.2    1.42      2693    3.9   9.1620e-01    3.9       47
 1596.2  8495.7   2.75     3.4    0.81        60   42.4   2.0313e-02   42.4       24
 1643.0  8744.9   2.81     4.3    0.89       126   25.4   4.2849e-02   25.4       30

 ! indicates the Iterative Peak Width fitting reached a limiting value.
