
                       be used for evaluation purposes
 5-Apr-2019 16:12
                       _______________________________

                       P E A K     F I T     R E P O R T
                       _______________________________

 Spectrum file Analysed: AP20190201_Ba133_10cm_room131.Ch 
 Sample Title : Cs137                                            

 Spectrum saved on  1-Feb-2019 at 14:51    Collected on  1-Feb-2019 at 13:14
 Sample  Taken  on  1-Feb-2019 at 13:14    Decayed      0 Days,     0 mins.

            Detector file number used:     1
            Energy     Calibration Performed on  7-Mar-2019 at 14:38
            Peak Shape Calibration Performed on  7-Mar-2019 at 14:40

 

   Datetime:   1-Feb-2019  13:14
   Live:      2141.00 
   Mass:      
   Shelf:     
   Detector:      1


   Reported Activity values were rounded     
   FitzPeaks Version: 3.71 23rd January 2014           

 Peak   Centre   FW@HM         Goodness   Peak      %      Gammas       %      2 Sigma
Energy  Channel  (KeV)  Signif  of Fit    Area   Uncert.  per sec.   Uncert. Background

   53.0   282.5   0.90    37.9    0.87     14315    2.4   6.6862e+00    2.4     5014
   61.7   328.6   0.95     5.8    1.89      2077   22.7   9.6987e-01   22.7     9623
   65.9   351.2   0.96     3.3    0.62       821   45.2   3.8356e-01   45.2    13665
   72.7   387.1   0.92    17.0    1.03      4617   11.5   2.1565e+00   11.5     7724
   74.9   398.7   0.92    26.9    1.03      8993    6.1   4.2005e+00    6.1     6952
   79.5   423.5   0.94    16.1    1.10     15774    2.6   7.3676e+00    2.6     3974
   80.9   430.9   0.94   162.4    1.10    218804    0.4   1.0220e+02    0.4     4416
   84.6   450.8   1.12    12.8    1.43      4124    6.0   1.9264e+00    6.0     3380
   87.3   464.7   1.12     7.4    1.43      1055   21.8   4.9255e-01   21.8     3380
  111.7   594.9   1.01     9.4    1.34      1939    9.6   9.0544e-01    9.6     3664
  115.9   617.4   1.02     3.4    1.34       426   40.5   1.9901e-01   40.5     3664
  160.6   854.9   1.02    14.7    1.13      3442    7.8   1.6078e+00    7.8     5397
  223.2  1188.3   1.06    11.7    1.00      1758    9.3   8.2133e-01    9.3     2300
  276.4  1471.5   1.19    56.9    2.05     26049    1.3   1.2167e+01    1.3      656
  302.9  1612.3   1.22    87.4    1.95     62033    0.8   2.8974e+01    0.8      510
  307.1  1634.9   1.23     5.8    1.95       438   21.2   2.0466e-01   21.2      510
  333.7  1776.4   1.24    10.5    0.93      1035    8.2   4.8340e-01    8.2      426
  337.8  1798.1   1.24     3.6    0.93       128   47.2   5.9925e-02   47.2      426
  356.0  1895.3   1.30   149.8    5.32    183037    0.6   8.5492e+01    0.6      307
  383.9  2043.5   1.35    55.1    1.27     25978    1.2   1.2134e+01    1.2      166
  386.8  2059.1   1.35    15.9    1.27      2558    4.2   1.1946e+00    4.2      166
  391.0  2081.4   1.36     5.9    1.27       466   13.1   2.1770e-01   13.1      166
  414.7  2207.4   1.37     5.2    1.09       257   16.7   1.2026e-01   16.7       92
  418.9  2230.0   1.37     3.5    1.09        80   42.2   3.7147e-02   42.2       99
  436.9  2325.8   1.38    12.1    1.07      1167    5.7   5.4512e-01    5.7       37
