
                       be used for evaluation purposes
 5-Apr-2019 16:13
                       _______________________________

                       P E A K     F I T     R E P O R T
                       _______________________________

 Spectrum file Analysed: AQ20190201_Eu152_10cm_room131.Ch 
 Sample Title : Cs137                                            

 Spectrum saved on  1-Feb-2019 at 15:40    Collected on  1-Feb-2019 at 13:53
 Sample  Taken  on  1-Feb-2019 at 13:53    Decayed      0 Days,     0 mins.

            Detector file number used:     1
            Energy     Calibration Performed on  7-Mar-2019 at 14:38
            Peak Shape Calibration Performed on  7-Mar-2019 at 14:40

 

   Datetime:   1-Feb-2019  13:53
   Live:      2737.00 
   Mass:      
   Shelf:     
   Detector:      1


   Reported Activity values were rounded     
   FitzPeaks Version: 3.71 23rd January 2014           

 Peak   Centre   FW@HM         Goodness   Peak      %      Gammas       %      2 Sigma
Energy  Channel  (KeV)  Signif  of Fit    Area   Uncert.  per sec.   Uncert. Background

   39.3   209.7   0.90    10.7    1.34    185459    0.9   6.7760e+01    0.9    28875
   39.9   212.9   0.90   163.1    1.34    344308    0.5   1.2580e+02    0.5    28875
   42.6   227.3   0.92    11.2    2.78      4427   16.2   1.6174e+00   16.2     5882
   45.2   241.0   0.92   106.6    2.78    106650    0.8   3.8966e+01    0.8     6536
   46.5   247.5   0.93    20.2    2.78     28677    2.4   1.0477e+01    2.4     5882
   48.5   258.5   0.93     8.8    2.78      1640   35.8   5.9917e-01   35.8     5882
   72.7   387.2   0.97    34.1    0.74     13109    2.6   4.7896e+00    2.6     6874
   74.9   398.7   0.97    47.6    0.74     22975    1.7   8.3942e+00    1.7     6874
   79.7   424.3   0.97     3.9    1.42       720   39.5   2.6294e-01   39.5     6701
   84.7   451.0   1.13!   18.6    2.39     10147    6.8   3.7072e+00    6.8    12083
   87.3   464.7   1.13!    8.7    2.39      2227   29.8   8.1360e-01   29.8    11076
  121.7   648.1   1.01   178.5    1.06    248159    0.4   9.0668e+01    0.4     4608
  122.9   654.7   1.01     5.9    1.06      3322   11.5   1.2137e+00   11.5     4608
  161.6   860.6   1.07     7.3    1.23      2164   10.2   7.9073e-01   10.2     5237
  167.0   889.3   1.08     3.4    1.23       398   47.4   1.4529e-01   47.4     5237
  244.7  1302.7   1.16    72.2    1.42     43588    1.0   1.5925e+01    1.0     2744
  251.6  1339.6   1.18     3.7    0.79       384   40.1   1.4044e-01   40.1     2520
  271.0  1442.7   1.20     3.6    0.68       419   35.6   1.5316e-01   35.6     2427
  284.8  1516.3   1.21     3.5    0.84       430   34.9   1.5722e-01   34.9     2280
  296.0  1575.5   1.25    12.0    1.12      2134    7.8   7.7956e-01    7.8     2255
  315.2  1678.1   1.25     3.7    0.87       325   42.9   1.1861e-01   42.9     1871
  324.9  1729.5   1.26     3.7    0.96       388   31.6   1.4173e-01   31.6     1893
  329.6  1754.3   1.27     4.1    0.96       557   22.0   2.0359e-01   22.0     1893
  344.3  1832.8   1.29   115.5    3.42    118777    0.7   4.3397e+01    0.7     1826
  367.8  1957.7   1.48    18.6    1.44      3975    4.9   1.4523e+00    4.9     1635
  411.1  2188.6   1.38    30.6    0.85      8658    2.5   3.1634e+00    2.5     1370
  416.1  2214.8   1.38     3.9    0.85       328   36.5   1.1985e-01   36.5     1475
  444.0  2363.4   1.43    33.4    0.82     11125    2.1   4.0648e+00    2.1     1407
  488.7  2601.5   1.45     9.2    0.73      1348   10.1   4.9251e-01   10.1     1595
  503.6  2680.4   1.47     5.0    0.67       515   21.1   1.8818e-01   21.1     1589
  511.2  2721.1   1.48     3.4    0.67       293   36.2   1.0707e-01   36.2     1483
  564.0  3002.2   1.54     9.3    1.02      1471   10.3   5.3760e-01   10.3     1739
  566.5  3015.5   1.55     3.8    1.02       369   38.9   1.3469e-01   38.9     1739
  586.3  3120.9   1.57     9.5    0.72      1304   11.4   4.7631e-01   11.4     1792
  656.7  3495.3   1.65     4.2    0.96       421   31.9   1.5373e-01   31.9     1501
  674.7  3591.2   1.67     5.6    0.82       363   35.2   1.3262e-01   35.2     1481
  678.7  3612.3   1.68     8.6    0.82      1226   11.1   4.4790e-01   11.1     1481
  688.7  3665.6   1.60    14.1    0.79      1914    7.9   6.9934e-01    7.9     1416
  712.5  3792.5   1.72     3.8    0.93       308   36.2   1.1237e-01   36.2     1598
  719.3  3828.8   1.72     7.1    0.93       813   15.3   2.9693e-01   15.3     1504
  723.4  3850.4   1.73     3.4    0.93       342   35.1   1.2505e-01   35.1     1598
  765.0  4071.9   1.78     3.8    1.09       345   37.7   1.2588e-01   37.7     1546
  769.1  4093.6   1.78     4.3    1.09       252   53.4   9.2130e-02   53.4     1546
  778.9  4145.8   1.80    59.4    1.94     29566    1.3   1.0802e+01    1.3     1384
  810.6  4314.3   1.83     6.8    0.91       728   18.9   2.6600e-01   18.9     1379
  841.7  4479.9   1.87     3.5    0.78       378   36.2   1.3818e-01   36.2     1517
  867.4  4616.6   1.86    31.6    0.95      8508    2.6   3.1084e+00    2.6     1497
  873.1  4647.3   1.87     3.7    0.95       264   50.9   9.6379e-02   50.9     1497
  919.2  4892.8   1.96     7.0    1.00       863   13.3   3.1539e-01   13.3     1085
  926.2  4930.0   1.97     4.8    1.00       462   22.8   1.6885e-01   22.8     1028
  930.6  4953.4   1.97     3.5    1.00       176   58.2   6.4374e-02   58.2     1085
  964.0  5131.1   1.99    57.8    1.50     27484    1.2   1.0042e+01    1.2      898
 1004.9  5348.7   2.06     9.5    1.68      1504    8.8   5.4960e-01    8.8      832
 1085.8  5779.1   2.16    46.1    1.35     17839    1.6   6.5176e+00    1.6      730
 1089.7  5800.1   2.17    14.3    1.35      2895    5.5   1.0576e+00    5.5      730
 1112.0  5918.8   2.16    51.6    1.01     23605    1.4   8.6244e+00    1.4      770
 1123.4  5979.1   2.20     3.4    1.10       190   55.9   6.9285e-02   55.9      825
 1151.7  6130.2   2.23     5.0    1.06       276   40.9   1.0095e-01   40.9      901
 1212.9  6455.4   2.21    16.1    1.06      2136    5.7   7.8045e-01    5.7      524
 1250.0  6653.2   2.35     3.4    1.26       260   31.9   9.4891e-02   31.9      428
 1274.3  6782.4   2.38     7.2    1.30       421   18.8   1.5392e-01   18.8      304
 1299.0  6914.2   2.34    17.6    1.19      2456    4.4   8.9716e-01    4.4      220
 1407.9  7493.5   2.51    60.9    1.88     29178    1.3   1.0660e+01    1.3       21
 1447.6  7704.8   2.58     6.2    1.17       376   11.8   1.3753e-01   11.8       58
 1457.4  7756.8   2.59     8.0    1.17       688    8.0   2.5146e-01    8.0       58
 1528.6  8135.8   2.68     4.2    1.04       552    8.7   2.0154e-01    8.7       20

 ! indicates the Iterative Peak Width fitting reached a limiting value.
