
                       be used for evaluation purposes
 5-Apr-2019 16:16
                       _______________________________

                       P E A K     F I T     R E P O R T
                       _______________________________

 Spectrum file Analysed: AU20190201_Eu152_15cm_room131.Ch 
 Sample Title : Cs137                                            

 Spectrum saved on  4-Feb-2019 at 11:22    Collected on  1-Feb-2019 at 16:35
 Sample  Taken  on  1-Feb-2019 at 16:35    Decayed      0 Days,     0 mins.

            Detector file number used:     1
            Energy     Calibration Performed on  7-Mar-2019 at 14:38
            Peak Shape Calibration Performed on  7-Mar-2019 at 14:40

 

   Datetime:   1-Feb-2019  16:35
   Live:      17793.0 
   Mass:      
   Shelf:     
   Detector:      1


   Reported Activity values were rounded     
   FitzPeaks Version: 3.71 23rd January 2014           

 Peak   Centre   FW@HM         Goodness   Peak      %      Gammas       %      2 Sigma
Energy  Channel  (KeV)  Signif  of Fit    Area   Uncert.  per sec.   Uncert. Background

   39.4   209.8   0.89    13.5    9.59    634284    0.8   3.5648e+01    0.8   128931
   39.9   212.9   0.89   306.0    9.59   1184274    0.5   6.6558e+01    0.5   128931
   42.6   227.2   1.07!   20.2    8.79     22846   15.5   1.2840e+00   15.5    81536
   45.2   241.0   0.91   201.6    7.18    365475    0.5   2.0540e+01    0.5    35036
   46.4   247.5   0.91    35.6    7.18     93820    1.7   5.2729e+00    1.7    31532
   72.7   387.2   0.95    80.6    0.91     70289    2.0   3.9504e+00    2.0    33298
   74.9   398.7   0.95   116.1    0.91    122783    1.2   6.9006e+00    1.2    33298
   84.7   451.1   1.13!   47.2    2.45     54006    2.8   3.0352e+00    2.8    46865
   87.3   464.8   1.13!   21.4    2.45     14774    8.9   8.3032e-01    8.9    46865
  121.7   648.2   1.01   334.5    2.69    867871    0.3   4.8776e+01    0.3    20675
  123.0   655.1   1.01     7.6    2.69     10130    7.4   5.6933e-01    7.4    20675
  147.8   787.1   1.05     3.4    1.14       857   56.4   4.8193e-02   56.4    21912
  161.6   860.4   1.07     7.3    1.18      3805   11.2   2.1383e-01   11.2    24601
  167.1   889.7   1.08     3.6    1.18       939   44.6   5.2770e-02   44.6    24601
  244.7  1302.8   1.17   135.5    1.18    155918    0.6   8.7629e+00    0.6    13178
  247.9  1319.6   1.17     4.0    1.18       936   37.3   5.2621e-02   37.3    12080
  251.7  1340.1   1.18     4.6    1.18      1543   23.2   8.6714e-02   23.2    13178
  271.1  1443.1   1.20     4.9    0.86      1292   20.6   7.2601e-02   20.6     9844
  275.6  1466.9   1.20     3.8    0.86       641   41.1   3.6018e-02   41.1     9844
  284.7  1515.4   1.21     5.3    0.96      1061   27.5   5.9633e-02   27.5     8966
  296.0  1575.6   1.20    23.1    1.37      7554    4.6   4.2452e-01    4.6     8202
  315.3  1678.3   1.25     4.9    1.28       929   29.6   5.2209e-02   29.6     7524
  324.9  1729.7   1.26     5.0    0.90      1147   21.4   6.4446e-02   21.4     7865
  329.4  1753.4   1.27     8.6    0.90      1872   13.5   1.0521e-01   13.5     7865
  340.4  1812.0   1.28     4.6    4.31       719   44.3   4.0436e-02   44.3     6579
  344.3  1832.9   1.28   229.7    4.31    423630    0.5   2.3809e+01    0.5     6579
  367.8  1958.0   1.35    33.1    1.48     13224    2.8   7.4324e-01    2.8     6734
  411.2  2188.6   1.36    58.2    0.99     30427    1.4   1.7101e+00    1.4     5456
  416.1  2214.9   1.37     5.9    0.99      1394   17.3   7.8319e-02   17.3     5876
  444.0  2363.5   1.40    66.3    1.19     40105    1.2   2.2540e+00    1.2     5047
  488.8  2601.6   1.48    17.0    0.96      4854    5.1   2.7278e-01    5.1     5875
  493.8  2628.7   1.48     3.7    0.96       521   42.1   2.9293e-02   42.1     5875
  503.5  2680.2   1.47     6.7    1.32      1842   12.4   1.0354e-01   12.4     5390
  511.0  2720.1   2.96     5.3    1.32      2401   15.9   1.3495e-01   15.9    10780
  520.2  2769.0   1.49     3.6    0.78       547   43.5   3.0735e-02   43.5     5513
  534.3  2843.7   1.51     3.5    1.18       492   50.0   2.7672e-02   50.0     5949
  564.0  3002.3   1.60    16.6    1.09      5151    5.6   2.8948e-01    5.6     6297
  566.5  3015.2   1.60     6.8    1.09      1551   17.3   8.7152e-02   17.3     6297
  586.3  3120.9   1.54    17.1    0.98      4445    6.5   2.4979e-01    6.5     6104
  656.5  3494.3   1.65     6.4    1.27      1271   19.8   7.1417e-02   19.8     5506
  674.7  3591.2   1.67     7.9    0.82      1632   14.5   9.1707e-02   14.5     5336
  678.7  3612.4   1.68    15.9    0.82      4286    6.4   2.4086e-01    6.4     5670
  688.7  3665.8   1.67    26.4    1.50      7557    4.3   4.2471e-01    4.3     5307
  712.8  3794.0   1.61     4.1    0.91       736   27.8   4.1371e-02   27.8     5522
  719.4  3829.3   1.62    13.0    0.91      2895    7.8   1.6268e-01    7.8     5177
  723.3  3849.9   1.62     4.6    0.91      1049   19.8   5.8929e-02   19.8     5522
  765.0  4071.6   1.78     8.7    1.04      1555   15.9   8.7405e-02   15.9     5513
  769.0  4093.1   1.78     5.7    1.04       875   27.6   4.9191e-02   27.6     5513
  778.9  4146.0   1.77   113.1    2.64    106213    0.8   5.9694e+00    0.8     4760
  810.5  4313.9   1.83    11.3    0.72      2789    9.2   1.5673e-01    9.2     5270
  841.6  4479.6   1.87     6.1    1.37      1302   20.5   7.3176e-02   20.5     5277
  867.4  4616.8   1.90    58.7    0.94     31277    1.4   1.7578e+00    1.4     5464
  873.3  4648.3   1.90     3.7    0.94       690   37.4   3.8787e-02   37.4     5464
  901.1  4796.2   1.94     3.5    1.33       531   46.5   2.9871e-02   46.5     4784
  919.3  4893.2   1.86    13.9    1.01      2820    7.2   1.5847e-01    7.2     3679
  926.3  4930.2   1.86    11.3    1.01      1824   10.3   1.0253e-01   10.3     3679
  930.6  4953.0   1.87     3.9    1.01       537   33.5   3.0161e-02   33.5     3679
  964.0  5131.2   1.98   111.1    3.66    100192    0.8   5.6310e+00    0.8     2888
  996.4  5303.6   2.26     4.6    1.12       585   30.0   3.2895e-02   30.0     2875
 1005.0  5349.0   2.27    18.7    1.12      5701    4.1   3.2039e-01    4.1     3012
 1085.8  5779.2   2.13    87.5    1.77     64404    1.0   3.6196e+00    1.0     2388
 1089.7  5800.1   2.13    30.8    1.77     11086    2.7   6.2306e-01    2.7     2388
 1112.0  5918.9   2.14   101.7    1.68     84228    0.9   4.7338e+00    0.9     2605
 1151.7  6130.1   2.23     3.8    0.99       521   39.4   2.9284e-02   39.4     3090
 1212.9  6455.6   2.29    28.1    1.02      7943    2.9   4.4643e-01    2.9     1889
 1233.4  6565.0   2.33     3.6    0.90       275   53.1   1.5446e-02   53.1     1639
 1249.9  6652.7   2.35     8.2    0.99      1149   13.7   6.4571e-02   13.7     1496
 1274.4  6782.9   2.34    11.7    0.89      1450    9.3   8.1518e-02    9.3     1002
 1292.8  6880.8   2.41     5.6    0.94       543   19.6   3.0542e-02   19.6      676
 1299.1  6914.2   2.41    32.2    0.94      8901    2.3   5.0027e-01    2.3      676
 1348.2  7175.8   2.46     3.5    0.56       118   55.4   6.6318e-03   55.4      310
 1363.3  7255.9   2.48     3.4    1.00       133   50.5   7.4474e-03   50.5      295
 1407.9  7493.8   2.46   116.2    4.11    106031    0.8   5.9592e+00    0.8       38
 1447.6  7705.1   2.66     9.0    1.82       754   10.2   4.2394e-02   10.2      159
 1457.5  7757.4   2.67    18.5    1.82      2555    4.2   1.4362e-01    4.2      159
 1528.4  8135.1   2.95    12.0    0.89      1778    4.6   9.9951e-02    4.6       34
 1596.5  8497.1   2.76     3.3    0.85        45   55.7   2.5253e-03   55.7       27

 ! indicates the Iterative Peak Width fitting reached a limiting value.
