
                       be used for evaluation purposes
 5-Apr-2019 16:20
                       _______________________________

                       P E A K     F I T     R E P O R T
                       _______________________________

 Spectrum file Analysed: AY20190204_Eu152_18cm_room131.Ch 
 Sample Title : Cs137                                            

 Spectrum saved on  4-Feb-2019 at 17:41    Collected on  4-Feb-2019 at 14:42
 Sample  Taken  on  4-Feb-2019 at 14:42    Decayed      0 Days,     0 mins.

            Detector file number used:     1
            Energy     Calibration Performed on  7-Mar-2019 at 14:38
            Peak Shape Calibration Performed on  7-Mar-2019 at 14:40

 

   Datetime:   4-Feb-2019  14:42
   Live:      7048.00 
   Mass:      
   Shelf:     
   Detector:      1


   Reported Activity values were rounded     
   FitzPeaks Version: 3.71 23rd January 2014           

 Peak   Centre   FW@HM         Goodness   Peak      %      Gammas       %      2 Sigma
Energy  Channel  (KeV)  Signif  of Fit    Area   Uncert.  per sec.   Uncert. Background

   39.8   211.9   1.07!  167.7  225.87    517902    2.2   7.3482e+01    2.2    46168
   42.7   227.6   0.91    11.0    5.93      7968   10.8   1.1306e+00   10.8     9780
   45.2   241.0   0.91   110.2    5.93    107457    0.8   1.5246e+01    0.8    10867
   46.5   247.5   0.91    20.0    5.93     27743    2.7   3.9363e+00    2.7     9780
   48.6   259.0   0.92     6.2    5.93      1313   49.8   1.8632e-01   49.8    10867
   72.7   387.3   0.95    49.1    1.29     26079    1.8   3.7003e+00    1.8     9925
   74.9   398.9   0.96    73.3    1.29     46220    1.3   6.5579e+00    1.3    11027
   84.7   451.2   1.13!   27.9    1.59     19531    4.5   2.7711e+00    4.5    15949
   87.3   465.1   1.13!   14.3    1.59      5669   15.3   8.0430e-01   15.3    15949
  121.8   648.5   1.01   173.4    8.48    250755    0.5   3.5578e+01    0.5    10004
  161.8   861.7   1.07     3.4    1.16       697   44.7   9.8902e-02   44.7     9774
  244.8  1303.5   1.15    71.5    1.47     45071    1.1   6.3949e+00    1.1     5495
  296.2  1576.5   1.23    12.9    1.10      2154    8.6   3.0555e-01    8.6     3036
  315.5  1679.4   1.25     3.7    1.18       288   54.7   4.0898e-02   54.7     2615
  325.1  1730.3   1.26     5.6    1.16       488   29.3   6.9224e-02   29.3     2435
  329.6  1754.8   1.27     4.2    1.16       590   23.6   8.3645e-02   23.6     2247
  344.5  1833.9   1.28   117.7    2.93    123097    0.7   1.7465e+01    0.7     1992
  368.1  1959.2   1.37    19.0    1.26      3951    5.0   5.6055e-01    5.0     1911
  411.4  2190.0   1.36    31.3    0.91      8863    2.4   1.2575e+00    2.4     1824
  416.3  2216.1   1.37     4.8    0.91       454   29.2   6.4352e-02   29.2     1824
  444.3  2364.9   1.40    37.5    1.09     11689    2.3   1.6585e+00    2.3     1692
  489.0  2603.1   1.45     9.8    0.91      1408   10.9   1.9973e-01   10.9     1674
  503.9  2682.0   1.47     4.9    1.18       504   24.8   7.1553e-02   24.8     1659
  511.4  2722.4   2.96     4.7    1.18       969   22.7   1.3746e-01   22.7     3319
  564.4  3004.4   1.54     8.3    1.20      1395   12.2   1.9788e-01   12.2     2054
  586.7  3122.9   1.57     8.7    1.01      1225   12.6   1.7375e-01   12.6     1889
  657.0  3497.1   1.65     3.8    0.87       277   47.7   3.9234e-02   47.7     1607
  675.1  3593.3   1.67     5.3    0.82       528   25.0   7.4954e-02   25.0     1542
  679.1  3614.7   1.68     9.8    0.82      1263   10.9   1.7923e-01   10.9     1542
  689.1  3668.1   1.83    11.6    1.44      2227    8.1   3.1599e-01    8.1     1727
  713.6  3798.4   1.72     3.3    1.01       241   50.1   3.4218e-02   50.1     1688
  719.8  3831.4   1.73     8.0    1.01       852   15.1   1.2087e-01   15.1     1688
  723.8  3852.8   1.73     3.9    1.01       415   30.5   5.8868e-02   30.5     1588
  765.5  4074.4   1.78     3.9    1.10       441   30.8   6.2586e-02   30.8     1594
  769.2  4094.4   1.78     3.3    1.10       280   47.6   3.9731e-02   47.6     1594
  779.4  4148.6   1.77    59.4    1.43     30937    1.2   4.3894e+00    1.2     1391
  811.0  4316.5   1.83     7.2    0.80       743   19.3   1.0541e-01   19.3     1449
  842.3  4483.1   1.87     3.5    0.63       379   36.5   5.3777e-02   36.5     1595
  867.9  4619.6   1.89    32.1    1.21      9103    2.6   1.2915e+00    2.6     1589
  873.6  4649.6   1.90     3.6    1.21       250   55.0   3.5493e-02   55.0     1589
  919.9  4896.4   1.96     8.5    1.36       854   14.1   1.2119e-01   14.1     1148
  926.8  4933.0   1.97     6.5    1.36       481   25.1   6.8244e-02   25.1     1087
  964.6  5134.4   2.00    58.6    1.67     28833    1.3   4.0909e+00    1.3      850
 1005.7  5353.0   2.26    11.0    1.42      1694    8.4   2.4035e-01    8.4      855
 1086.5  5783.0   2.16    44.0    1.30     18715    1.6   2.6553e+00    1.6      716
 1090.5  5804.1   2.17    16.8    1.30      3337    4.7   4.7344e-01    4.7      716
 1112.8  5922.7   2.17    48.4    1.32     24672    1.3   3.5005e+00    1.3      741
 1213.6  6459.6   2.27    16.4    0.74      2300    5.6   3.2640e-01    5.6      571
 1250.7  6656.6   2.35     7.2    1.04       333   26.5   4.7204e-02   26.5      419
 1275.2  6787.5   2.38     6.1    0.80       478   15.4   6.7845e-02   15.4      301
 1293.5  6884.9   2.43     3.6    0.94       198   29.3   2.8127e-02   29.3      198
 1299.9  6918.9   2.43    16.6    0.94      2522    4.2   3.5787e-01    4.2      198
 1408.8  7498.5   2.47    62.5    1.80     31330    1.2   4.4452e+00    1.2       16
 1448.5  7709.4   2.58     4.7    0.89       158   20.3   2.2377e-02   20.3       36
 1458.3  7762.0   2.59     9.6    0.89       728    7.4   1.0333e-01    7.4       35
 1529.2  8139.1   2.68     7.1    0.69       448    9.3   6.3559e-02    9.3       13

 ! indicates the Iterative Peak Width fitting reached a limiting value.
