
                       be used for evaluation purposes
 5-Apr-2019 16:22
                       _______________________________

                       P E A K     F I T     R E P O R T
                       _______________________________

 Spectrum file Analysed: BB20190205_Ba133_22cm_room131.Ch 
 Sample Title : Cs137                                            

 Spectrum saved on 25-Feb-2019 at 18:05    Collected on  5-Feb-2019 at 10:25
 Sample  Taken  on  5-Feb-2019 at 10:25    Decayed      0 Days,     0 mins.

            Detector file number used:     1
            Energy     Calibration Performed on  7-Mar-2019 at 14:38
            Peak Shape Calibration Performed on  7-Mar-2019 at 14:40

 

   Datetime:   5-Feb-2019  10:25
   Live:      6511.00 
   Mass:      
   Shelf:     
   Detector:      1


   Reported Activity values were rounded     
   FitzPeaks Version: 3.71 23rd January 2014           

 Peak   Centre   FW@HM         Goodness   Peak      %      Gammas       %      2 Sigma
Energy  Channel  (KeV)  Signif  of Fit    Area   Uncert.  per sec.   Uncert. Background

   53.0   282.4   0.87    34.5    0.71     11677    3.2   1.7934e+00    3.2     7401
   72.7   387.4   0.94    23.4    1.35      9646    9.6   1.4815e+00    9.6    19643
   74.9   398.7   0.95    37.6    1.35     17734    5.3   2.7238e+00    5.3    19643
   79.5   423.3   0.93     6.5    1.83     12745    3.9   1.9575e+00    3.9     6344
   80.9   430.9   0.93   156.9    1.83    185577    0.5   2.8502e+01    0.5     7049
   84.7   451.0   1.13!   18.3    0.90      7335    4.1   1.1266e+00    4.1     5424
   87.2   464.6   1.13!   10.1    0.90      2234   11.8   3.4311e-01   11.8     4972
  111.7   594.9   1.01     3.4    0.95       524   42.1   8.0470e-02   42.1     4766
  160.6   855.3   1.14    11.6    0.84      3135    8.5   4.8144e-01    8.5     5833
  223.4  1189.1   1.08    10.5    0.73      1779   11.3   2.7321e-01   11.3     3799
  276.6  1472.2   1.21    51.4    1.70     23437    1.5   3.5996e+00    1.5     1603
  303.0  1613.1   1.24    77.7    3.14     54850    0.9   8.4241e+00    0.9      847
  333.9  1777.2   1.27     3.3    1.17       198   42.2   3.0387e-02   42.2      596
  352.2  1875.0   1.30     4.2    4.34       378   23.8   5.8055e-02   23.8      350
  356.2  1896.3   1.30   136.8    4.34    162870    0.8   2.5015e+01    0.8      379
  384.1  2044.6   1.36    46.8    1.01     21829    1.2   3.3526e+00    1.2      185
  387.0  2060.0   1.36     6.6    1.01       630   10.1   9.6801e-02   10.1      199
  391.1  2082.1   1.37     3.4    1.01       157   32.6   2.4115e-02   32.6      199
  437.2  2327.4   1.39     5.2    1.01       253   18.8   3.8898e-02   18.8      126
  511.4  2721.9   2.96     3.3    0.58       455   14.7   6.9867e-02   14.7      176
  583.5  3106.1   1.57     6.3    1.12       218   18.6   3.3540e-02   18.6       80
  609.7  3245.3   1.60     7.3    0.91       396   11.0   6.0752e-02   11.0       60
  727.5  3872.5   1.73     3.3    1.15        52   54.5   8.0210e-03   54.5       50
  861.0  4582.5   1.89     3.5    1.15        52   49.8   8.0215e-03   49.8       43
  911.8  4853.1   1.95     3.8    0.85       167   19.6   2.5598e-02   19.6       44
  969.8  5161.9   2.02     3.4    1.13        97   31.1   1.4919e-02   31.1       45
 1120.7  5965.1   2.20     3.6    1.03        89   34.9   1.3600e-02   34.9       42
 1461.7  7779.8   2.49    10.5    0.76       796    6.9   1.2225e-01    6.9       26
 1765.5  9396.7   2.95     3.6    0.60       100   25.9   1.5431e-02   25.9       14
 2615.8 13922.5   3.95     3.5    0.57       134   23.7   2.0573e-02   23.7       10

 ! indicates the Iterative Peak Width fitting reached a limiting value.
