
                       be used for evaluation purposes
 5-Apr-2019 16:24
                       _______________________________

                       P E A K     F I T     R E P O R T
                       _______________________________

 Spectrum file Analysed: BC20190205_Eu152_22cm_room131.Ch 
 Sample Title : Cs137                                            

 Spectrum saved on  5-Feb-2019 at 15:48    Collected on  5-Feb-2019 at 12:16
 Sample  Taken  on  5-Feb-2019 at 12:16    Decayed      0 Days,     0 mins.

            Detector file number used:     1
            Energy     Calibration Performed on  7-Mar-2019 at 14:38
            Peak Shape Calibration Performed on  7-Mar-2019 at 14:40

 

   Datetime:   5-Feb-2019  12:16
   Live:      9038.00 
   Mass:      
   Shelf:     
   Detector:      1


   Reported Activity values were rounded     
   FitzPeaks Version: 3.71 23rd January 2014           

 Peak   Centre   FW@HM         Goodness   Peak      %      Gammas       %      2 Sigma
Energy  Channel  (KeV)  Signif  of Fit    Area   Uncert.  per sec.   Uncert. Background

   39.7   211.8   1.07!  159.7  207.29    459450    2.2   5.0835e+01    2.2    74749
   42.7   227.8   0.88    13.3    9.36      8439   17.3   9.3368e-01   17.3    20401
   45.2   240.9   0.88   102.4    9.36     92308    1.7   1.0213e+01    1.7    20401
   46.4   247.4   0.88    20.2    9.36     21654    6.6   2.3959e+00    6.6    20401
   72.7   387.2   0.95    47.0    0.87     23222    2.0   2.5694e+00    2.0    11122
   74.9   398.7   0.95    66.9    0.87     40699    1.3   4.5031e+00    1.3    11122
   84.7   451.2   1.13!   25.9    1.03     17139    4.5   1.8963e+00    4.5    13021
   87.3   464.9   1.13!   12.7    1.03      5152   13.8   5.7004e-01   13.8    14205
  121.8   648.4   1.01   169.5    5.24    228955    0.5   2.5333e+01    0.5     7884
  161.8   861.6   1.07     3.5    0.84       653   39.0   7.2284e-02   39.0     6702
  238.7  1270.8   1.16     3.7    0.80       502   42.0   5.5546e-02   42.0     5113
  244.8  1303.3   1.17    69.6    1.75     41923    1.3   4.6385e+00    1.3     4401
  296.0  1575.9   1.33    11.1    1.03      2357    8.6   2.6078e-01    8.6     3237
  325.1  1730.4   1.26     3.8    1.02       396   36.9   4.3770e-02   36.9     2727
  329.6  1754.5   1.27     4.1    1.02       619   23.9   6.8473e-02   23.9     2727
  344.5  1833.9   1.30   112.8    4.78    114158    0.8   1.2631e+01    0.8     2331
  352.2  1874.9   1.29     3.4    1.03       418   36.3   4.6211e-02   36.3     2168
  368.0  1959.1   1.36    16.3    0.73      3476    5.3   3.8463e-01    5.3     2420
  411.4  2189.9   1.35    31.0    0.98      8288    2.6   9.1705e-01    2.6     1945
  416.4  2216.5   1.35     3.4    0.98       375   37.9   4.1475e-02   37.9     1945
  444.3  2364.8   1.40    33.9    0.58     10617    2.3   1.1747e+00    2.3     2009
  489.0  2602.7   1.45     9.8    1.21      1286   12.7   1.4232e-01   12.7     1898
  503.9  2681.9   1.47     3.4    1.00       504   24.2   5.5768e-02   24.2     1770
  511.3  2721.4   2.96     3.4    1.00      1165   19.1   1.2890e-01   19.1     3414
  564.3  3003.6   1.54     8.9    2.03      1355   13.3   1.4996e-01   13.3     2074
  583.5  3105.8   1.57     3.4    0.94       379   36.6   4.1978e-02   36.6     1803
  586.6  3122.6   1.57     7.8    0.94      1196   12.3   1.3238e-01   12.3     1803
  609.7  3245.3   1.60     4.8    0.97       578   24.4   6.3953e-02   24.4     1574
  657.0  3497.0   1.65     4.5    1.08       432   32.3   4.7815e-02   32.3     1593
  675.1  3593.6   1.67     4.9    1.11       395   33.4   4.3662e-02   33.4     1662
  679.1  3614.7   1.68     8.3    1.11      1222   11.7   1.3526e-01   11.7     1564
  689.1  3668.1   1.72    13.2    0.75      2181    7.2   2.4128e-01    7.2     1517
  713.2  3795.9   1.72     3.7    1.01       228   52.1   2.5172e-02   52.1     1607
  719.8  3831.3   1.73     4.8    1.01       680   18.7   7.5228e-02   18.7     1708
  723.7  3851.8   1.73     3.4    1.01       280   43.0   3.0943e-02   43.0     1607
  765.5  4074.3   1.78     3.6    1.28       426   32.2   4.7123e-02   32.2     1521
  769.2  4094.2   1.78     3.4    1.28       254   52.3   2.8063e-02   52.3     1521
  779.4  4148.5   1.82    55.3    1.83     28457    1.4   3.1486e+00    1.4     1418
  810.9  4316.0   1.83     7.0    0.72       692   19.5   7.6553e-02   19.5     1477
  842.1  4482.0   1.87     3.4    1.16       394   35.8   4.3611e-02   35.8     1457
  867.9  4619.6   1.88    30.6    0.95      8611    2.5   9.5279e-01    2.5     1475
  911.8  4853.1   1.95     4.2    1.37       267   39.1   2.9556e-02   39.1     1072
  919.9  4896.4   1.96     5.1    1.37       838   13.2   9.2728e-02   13.2     1132
  926.8  4932.9   1.97     3.9    1.37       503   20.7   5.5681e-02   20.7     1132
  964.6  5134.4   2.05    54.9    1.44     27171    1.3   3.0064e+00    1.3      855
 1005.7  5352.8   2.06    12.3    1.05      1465    8.4   1.6209e-01    8.4      770
 1086.5  5782.9   2.22    43.1    1.25     17507    1.7   1.9370e+00    1.7      743
 1090.4  5804.0   2.23    16.3    1.25      3039    5.3   3.3629e-01    5.3      778
 1112.7  5922.6   2.22    48.8    1.20     22952    1.4   2.5395e+00    1.4      693
 1213.6  6459.5   2.45    13.8    1.16      2249    5.7   2.4881e-01    5.7      587
 1250.7  6657.1   2.35     4.7    0.89       311   26.3   3.4425e-02   26.3      428
 1275.2  6787.3   2.38     4.1    1.39       344   22.7   3.8113e-02   22.7      334
 1293.5  6884.9   2.54     3.4    1.23       175   35.8   1.9379e-02   35.8      225
 1299.9  6918.7   2.54    16.8    1.23      2425    4.5   2.6829e-01    4.5      225
 1408.9  7498.6   2.51    57.3    1.79     28973    1.2   3.2057e+00    1.2       30
 1448.5  7709.5   2.58     3.4    1.09       110   29.0   1.2141e-02   29.0       51
 1458.5  7762.8   2.59     5.4    1.09       724    7.9   8.0078e-02    7.9       49
 1461.7  7779.8   2.60     9.5    1.09      1090    6.1   1.2059e-01    6.1       49
 1529.2  8139.3   2.68     5.5    0.68       366   11.7   4.0515e-02   11.7       30
 1765.5  9397.0   2.95     4.5    0.83       126   22.7   1.3938e-02   22.7       18
 2616.0 13923.4   3.95     6.1    0.72       188   18.3   2.0757e-02   18.3        7

 ! indicates the Iterative Peak Width fitting reached a limiting value.
