
                       be used for evaluation purposes
 5-Apr-2019 16:32
                       _______________________________

                       P E A K     F I T     R E P O R T
                       _______________________________

 Spectrum file Analysed: BI20190208_Eu152_40cm_room131.Ch 
 Sample Title : Cs137                                            

 Spectrum saved on  8-Feb-2019 at 18:52    Collected on  8-Feb-2019 at  9:58
 Sample  Taken  on  8-Feb-2019 at  9:58    Decayed      0 Days,     0 mins.

            Detector file number used:     1
            Energy     Calibration Performed on  7-Mar-2019 at 14:38
            Peak Shape Calibration Performed on  7-Mar-2019 at 14:40

 

   Datetime:   8-Feb-2019   9:58
   Live:      28294.0 
   Mass:      
   Shelf:     
   Detector:      1


   Reported Activity values were rounded     
   FitzPeaks Version: 3.71 23rd January 2014           

 Peak   Centre   FW@HM         Goodness   Peak      %      Gammas       %      2 Sigma
Energy  Channel  (KeV)  Signif  of Fit    Area   Uncert.  per sec.   Uncert. Background

   39.7   211.7   1.07!  158.4  276.32    483630    3.8   1.7093e+01    3.8    80366
   42.7   227.6   0.88     8.6    7.49      4554   23.2   1.6097e-01   23.2    25249
   45.2   240.8   0.88   103.7    7.49     96066    1.3   3.3953e+00    1.3    25249
   46.4   247.2   0.89    20.4    7.49     22123    5.1   7.8191e-01    5.1    25249
   63.2   336.6   0.95     3.5    0.39       692   54.3   2.4455e-02   54.3    12175
   72.7   387.0   0.94    50.6    0.98     27506    1.9   9.7214e-01    1.9    14890
   74.8   398.5   0.94    70.3    0.98     48566    1.3   1.7165e+00    1.3    13401
   84.6   450.7   1.13!   26.3    1.98     20090    4.9   7.1005e-01    4.9    17277
   87.2   464.6   1.13!   14.4    1.98      6053   15.3   2.1394e-01   15.3    17277
   92.4   492.3   0.99     3.4    1.44       817   47.0   2.8862e-02   47.0    14342
  121.6   647.7   0.99   176.1    6.18    232798    0.6   8.2278e+00    0.6    12193
  185.7   988.7   1.10     4.1    0.89       816   35.1   2.8833e-02   35.1     8424
  238.5  1269.5   1.16     8.0    1.13      1408   17.6   4.9748e-02   17.6     6067
  244.5  1301.8   1.15    72.2    0.96     44040    1.0   1.5565e+00    1.0     6339
  295.6  1573.5   1.40    10.1    1.42      3097    8.5   1.0944e-01    8.5     5106
  324.5  1727.4   1.26     3.4    0.95       412   41.9   1.4568e-02   41.9     4125
  329.2  1752.4   1.27     5.3    0.95       588   29.8   2.0773e-02   29.8     4125
  338.0  1799.3   1.28     3.6    0.95       416   47.2   1.4715e-02   47.2     3908
  344.1  1831.5   1.27   119.4    3.92    119706    0.8   4.2308e+00    0.8     3522
  351.7  1872.3   1.29     9.8    1.05      1786   11.1   6.3111e-02   11.1     3459
  367.5  1956.5   1.30    14.7    1.46      3567    6.0   1.2606e-01    6.0     3253
  410.8  2187.0   1.37    29.5    0.87      8724    2.6   3.0832e-01    2.6     3022
  415.6  2212.2   1.38     3.4    0.87       372   45.7   1.3148e-02   45.7     3022
  443.7  2361.6   1.39    35.7    0.81     11556    2.3   4.0842e-01    2.3     2456
  488.3  2599.2   1.45     9.0    1.23      1379   12.6   4.8727e-02   12.6     2510
  503.2  2678.2   1.47     4.1    1.04       535   25.9   1.8902e-02   25.9     2393
  510.6  2717.9   2.96     4.9    1.04      2793    9.5   9.8708e-02    9.5     4786
  563.6  2999.7   1.54     8.9    0.98      1503   11.9   5.3105e-02   11.9     2596
  566.3  3014.2   1.55     3.5    0.98       398   41.6   1.4072e-02   41.6     2596
  582.8  3102.1   1.56     6.3    0.94       907   18.9   3.2068e-02   18.9     2424
  585.8  3118.1   1.57     7.2    0.94      1306   13.3   4.6145e-02   13.3     2424
  608.9  3240.8   1.65    10.4    0.80      1750   10.1   6.1834e-02   10.1     2311
  656.1  3492.0   1.65     3.5    0.96       393   39.6   1.3900e-02   39.6     2150
  674.3  3589.1   1.67     3.3    1.20       450   33.8   1.5906e-02   33.8     2088
  678.1  3609.2   1.68     8.4    1.20      1235   13.7   4.3634e-02   13.7     2088
  688.2  3662.8   1.77    12.0    0.92      2284    7.8   8.0730e-02    7.8     2163
  718.8  3825.9   1.72     5.4    1.12       773   19.2   2.7318e-02   19.2     2023
  722.8  3847.1   1.73     4.9    1.12       377   37.9   1.3325e-02   37.9     2023
  726.9  3868.9   1.73     3.3    1.12       308   48.9   1.0868e-02   48.9     2023
  764.3  4068.3   1.78     5.3    1.08       606   24.9   2.1419e-02   24.9     1979
  768.2  4088.7   1.78     5.3    1.08       406   38.1   1.4353e-02   38.1     1979
  778.3  4142.6   1.77    59.8    1.27     30270    1.3   1.0698e+00    1.3     1776
  809.8  4310.2   1.83     5.9    1.14       781   20.6   2.7616e-02   20.6     1902
  840.8  4475.0   1.87     3.6    0.84       326   46.6   1.1510e-02   46.6     1950
  866.7  4613.1   1.84    32.2    1.00      9101    2.8   3.2165e-01    2.8     1859
  910.4  4845.5   1.95     7.0    1.19       658   17.6   2.3273e-02   17.6     1433
  918.6  4889.3   1.96     7.2    1.19       811   15.0   2.8655e-02   15.0     1433
  925.7  4926.9   1.97     5.2    1.19       596   19.1   2.1056e-02   19.1     1357
  963.2  5127.0   1.97    60.0    1.51     28948    1.4   1.0231e+00    1.4     1160
 1004.3  5345.4   2.08    11.3    1.12      1541    8.9   5.4465e-02    8.9      932
 1084.9  5774.7   2.13    46.2    1.27     18269    1.6   6.4568e-01    1.6      923
 1088.8  5795.4   2.13    16.4    1.27      3130    5.4   1.1063e-01    5.4      970
 1111.1  5914.1   2.14    53.0    1.10     24056    1.4   8.5022e-01    1.4      954
 1119.3  5957.8   2.15     3.8    1.10       419   27.7   1.4793e-02   27.7      954
 1211.9  6450.3   2.29    15.5    0.97      2436    5.8   8.6097e-02    5.8      771
 1237.0  6584.2   2.33     3.6    0.99       193   39.7   6.8276e-03   39.7      613
 1249.0  6648.0   2.35     3.7    0.99       313   24.9   1.1053e-02   24.9      613
 1273.3  6777.0   2.38     4.7    0.78       389   22.0   1.3761e-02   22.0      449
 1291.8  6875.5   2.37     3.8    1.11       197   34.9   6.9758e-03   34.9      330
 1298.0  6908.6   2.38    17.9    1.11      2653    4.6   9.3773e-02    4.6      330
 1376.4  7325.7   2.50     3.8    0.84       128   42.2   4.5247e-03   42.2      188
 1406.8  7487.6   2.49    62.8    1.51     31213    1.1   1.1032e+00    1.1       93
 1456.4  7751.7   2.54     9.1    1.16       829    9.2   2.9292e-02    9.2       85
 1459.6  7768.6   2.55    21.0    1.16      3654    3.4   1.2914e-01    3.4       85
 1526.9  8126.7   2.67     5.4    1.04       373   13.4   1.3198e-02   13.4       75
 1728.0  9197.1   2.91     3.7    0.89       103   30.4   3.6341e-03   30.4       43
 1762.9  9383.0   2.95     6.2    0.85       443   10.7   1.5646e-02   10.7       42
 1845.9  9824.9   3.05     3.7    0.90        71   43.6   2.5088e-03   43.6       44
 2101.2 11183.2   3.35     3.5    0.96        77   41.1   2.7041e-03   41.1       44
 2201.8 11719.0   3.47     5.1    1.02       129   27.0   4.5644e-03   27.0       34
 2611.9 13901.6   3.95     9.4    0.84       669    8.3   2.3642e-02    8.3       11

 ! indicates the Iterative Peak Width fitting reached a limiting value.
