
                       be used for evaluation purposes
 5-Apr-2019 16:35
                       _______________________________

                       P E A K     F I T     R E P O R T
                       _______________________________

 Spectrum file Analysed: BL20190207_Eu152_50cm_room131.Ch 
 Sample Title : Cs137                                            

 Spectrum saved on  7-Feb-2019 at 11:39    Collected on  6-Feb-2019 at 16:39
 Sample  Taken  on  6-Feb-2019 at 16:39    Decayed      0 Days,     0 mins.

            Detector file number used:     1
            Energy     Calibration Performed on  7-Mar-2019 at 14:38
            Peak Shape Calibration Performed on  7-Mar-2019 at 14:40

 

   Datetime:   6-Feb-2019  16:39
   Live:      64651.0 
   Mass:      
   Shelf:     
   Detector:      1


   Reported Activity values were rounded     
   FitzPeaks Version: 3.71 23rd January 2014           

 Peak   Centre   FW@HM         Goodness   Peak      %      Gammas       %      2 Sigma
Energy  Channel  (KeV)  Signif  of Fit    Area   Uncert.  per sec.   Uncert. Background

   39.8   211.9   1.07!  192.3  413.12    723765    3.3   1.1195e+01    3.3    95870
   42.7   227.5   0.88    10.1   11.91      7243   23.3   1.1203e-01   23.3    35291
   45.2   241.0   0.89   127.6   11.91    144238    1.3   2.2310e+00    1.3    35291
   46.4   247.5   0.89    24.3   11.91     33748    5.0   5.2200e-01    5.0    35291
   39.8   211.9   1.07!  192.3  413.33    723734    3.3   1.1194e+01    3.3    95886
   42.7   227.5   0.88    10.1    9.08      7701   19.4   1.1912e-01   19.4    35067
   45.2   241.0   0.89   127.6    9.08    144122    1.2   2.2292e+00    1.2    35067
   46.4   247.5   0.89    24.3    9.08     33638    4.5   5.2030e-01    4.5    35067
   63.2   336.6   0.95     4.9    1.04      1360   37.6   2.1042e-02   37.6    20346
   72.7   387.4   0.94    59.2    1.45     39868    1.7   6.1666e-01    1.7    22067
   74.9   398.9   0.94    88.3    1.45     70505    1.0   1.0906e+00    1.0    24519
   77.0   409.9   0.95     4.1    1.45      1060   54.7   1.6393e-02   54.7    24519
   84.7   451.2   1.13!   33.4    2.23     30137    3.9   4.6615e-01    3.9    28245
   87.3   465.0   1.13!   17.0    2.23      8970   12.6   1.3875e-01   12.6    30812
   92.7   493.5   0.99     4.2    0.96      1903   25.7   2.9434e-02   25.7    24060
  121.8   648.6   0.99   207.8    4.16    343169    0.4   5.3080e+00    0.4    22433
  185.9   989.7   1.10     5.6    0.90      2041   18.4   3.1567e-02   18.4    14208
  238.8  1271.0   1.01    13.3    1.66      3138   10.0   4.8539e-02   10.0     9488
  244.9  1303.6   1.15    86.7    1.31     65361    0.9   1.0110e+00    0.9     9519
  271.3  1444.0   1.20     4.3    1.27       868   31.6   1.3433e-02   31.6     8443
  296.0  1575.5   1.40    11.0    1.38      5148    6.5   7.9629e-02    6.5     7973
  325.1  1730.7   1.26     3.4    0.84       545   42.2   8.4339e-03   42.2     7383
  329.6  1754.4   1.27     3.6    0.84       892   26.0   1.3803e-02   26.0     7383
  338.6  1802.5   1.28     4.4    1.31       742   35.0   1.1474e-02   35.0     6363
  344.5  1834.1   1.27   148.4    4.16    176778    0.6   2.7343e+00    0.6     5334
  352.2  1874.7   1.26    15.9    1.09      3505    7.2   5.4215e-02    7.2     5105
  368.1  1959.3   1.28    19.8    1.40      5458    5.3   8.4429e-02    5.3     5273
  411.4  2190.1   1.34    35.5    0.91     13152    2.3   2.0343e-01    2.3     4538
  416.4  2216.2   1.35     4.5    0.91       758   27.2   1.1722e-02   27.2     4538
  444.3  2365.1   1.40    43.2    1.26     17394    1.9   2.6905e-01    1.9     4379
  489.1  2603.3   1.35    10.3    1.26      1885   11.8   2.9149e-02   11.8     3960
  503.9  2682.4   1.47     5.2    1.26       841   21.7   1.3001e-02   21.7     4239
  511.3  2721.7   2.96     6.5    1.26      5549    6.5   8.5827e-02    6.5     7913
  564.3  3003.8   1.54     8.9    1.30      1949   12.1   3.0141e-02   12.1     4420
  583.6  3106.5   1.56     9.7    0.89      1963   10.8   3.0356e-02   10.8     3928
  586.8  3123.2   1.56    10.9    0.89      2019   11.0   3.1229e-02   11.0     3928
  609.8  3245.7   1.51    17.5    0.61      3599    6.1   5.5672e-02    6.1     3635
  657.0  3497.1   1.65     3.6    0.73       645   30.5   9.9752e-03   30.5     3580
  675.3  3594.3   1.50     4.1    1.35       607   29.4   9.3960e-03   29.4     3228
  679.2  3615.0   1.51    10.3    1.35      1614   12.1   2.4969e-02   12.1     3012
  689.2  3668.4   1.62    14.7    1.21      3311    6.8   5.1208e-02    6.8     3184
  720.0  3832.1   1.73     6.7    0.74      1179   15.6   1.8230e-02   15.6     3323
  723.7  3852.2   1.73     4.1    0.74       540   33.0   8.3542e-03   33.0     3531
  727.9  3874.3   1.73     3.5    0.74       568   32.1   8.7842e-03   32.1     3531
  765.6  4074.8   1.78     4.2    0.97       767   25.5   1.1871e-02   25.5     3304
  769.3  4094.9   1.78     5.1    0.97       708   27.0   1.0944e-02   27.0     3304
  779.5  4148.8   1.76    74.4    2.18     45082    1.1   6.9731e-01    1.1     2957
  795.4  4233.5   1.81     3.3    0.68       421   43.8   6.5183e-03   43.8     2923
  811.1  4317.3   1.83     7.7    0.97      1099   18.6   1.7004e-02   18.6     3189
  842.2  4482.8   1.87     4.1    0.98       552   35.1   8.5449e-03   35.1     3097
  868.0  4619.8   1.86    37.9    1.62     13517    2.6   2.0908e-01    2.6     3046
  902.4  4803.2   1.67     3.6    1.28       250   47.1   3.8608e-03   47.1     2134
  911.8  4853.2   1.68    10.8    1.28      1238   10.2   1.9149e-02   10.2     2134
  920.0  4896.7   1.69     8.0    1.28      1085   11.6   1.6778e-02   11.6     2134
  926.9  4933.6   1.70     6.3    1.28       651   18.7   1.0076e-02   18.7     2267
  964.7  5134.7   1.97    73.3    1.37     43367    1.1   6.7078e-01    1.1     1843
  969.5  5160.5   1.98     7.3    1.37       912   19.1   1.4108e-02   19.1     1843
 1005.8  5353.4   1.98    13.0    1.01      2069    7.9   3.1996e-02    7.9     1612
 1086.6  5783.3   2.11    56.2    1.71     27548    1.4   4.2611e-01    1.4     1523
 1090.5  5804.2   2.12    20.7    1.71      4744    4.8   7.3380e-02    4.8     1523
 1112.8  5922.9   2.15    63.6    1.43     36182    1.1   5.5966e-01    1.1     1566
 1121.1  5967.0   2.16     6.4    1.43      1106   14.7   1.7109e-02   14.7     1566
 1213.7  6459.8   2.27    19.0    1.29      3573    5.0   5.5261e-02    5.0     1348
 1238.8  6593.5   2.33     3.5    1.11       399   26.9   6.1720e-03   26.9     1175
 1250.7  6656.9   2.35     4.2    1.11       395   26.8   6.1044e-03   26.8     1124
 1275.3  6787.7   2.38     8.3    1.19       568   20.5   8.7804e-03   20.5      831
 1293.7  6885.5   2.43     3.5    1.22       284   33.9   4.3958e-03   33.9      607
 1299.9  6919.0   2.44    20.8    1.22      3864    4.2   5.9770e-02    4.2      634
 1378.6  7337.6   2.50     4.6    0.87       245   31.1   3.7954e-03   31.1      355
 1408.9  7498.8   2.49    75.7    2.31     46844    1.1   7.2457e-01    1.1      229
 1458.7  7763.7   2.46     7.7    1.18      1249    7.9   1.9319e-02    7.9      191
 1461.8  7780.3   2.46    31.7    1.18      8220    2.2   1.2715e-01    2.2      191
 1509.9  8036.3   2.65     3.5    1.27       130   45.3   2.0037e-03   45.3      190
 1529.1  8138.9   2.68     7.1    0.84       535   12.3   8.2825e-03   12.3      169
 1622.0  8632.9   2.79     3.5    0.97        88   48.2   1.3651e-03   48.2      139
 1631.7  8684.9   2.80     3.4    0.97        79   56.3   1.2152e-03   56.3      139
 1730.5  9210.3   2.91     4.0    1.10       218   22.6   3.3729e-03   22.6       96
 1765.5  9397.0   2.89    10.7    0.93       961    7.8   1.4868e-02    7.8      125
 1848.5  9838.7   3.05     4.9    0.83       171   27.6   2.6442e-03   27.6      102
 2104.4 11200.6   3.35     3.7    0.87       160   24.2   2.4789e-03   24.2       92
 2119.5 11280.8   3.37     3.4    0.87        80   43.9   1.2342e-03   43.9       95
 2205.4 11738.1   3.47     6.4    0.92       307   17.5   4.7435e-03   17.5       90
 2615.9 13922.8   3.81    13.2    1.16      1415    5.7   2.1879e-02    5.7       47

 ! indicates the Iterative Peak Width fitting reached a limiting value.
