
                       be used for evaluation purposes
 5-Apr-2019 16:39
                       _______________________________

                       P E A K     F I T     R E P O R T
                       _______________________________

 Spectrum file Analysed: BO20190206_Eu152_60cm_room131.Ch 
 Sample Title : Cs137                                            

 Spectrum saved on  6-Feb-2019 at 11:47    Collected on  5-Feb-2019 at 19:14
 Sample  Taken  on  5-Feb-2019 at 19:14    Decayed      0 Days,     0 mins.

            Detector file number used:     1
            Energy     Calibration Performed on  7-Mar-2019 at 14:38
            Peak Shape Calibration Performed on  7-Mar-2019 at 14:40

 

   Datetime:   5-Feb-2019  19:14
   Live:      55857.0 
   Mass:      
   Shelf:     
   Detector:      1


   Reported Activity values were rounded     
   FitzPeaks Version: 3.71 23rd January 2014           

 Peak   Centre   FW@HM         Goodness   Peak      %      Gammas       %      2 Sigma
Energy  Channel  (KeV)  Signif  of Fit    Area   Uncert.  per sec.   Uncert. Background

   39.8   211.9   1.07!  151.8  222.97    437033    3.6   7.8241e+00    3.6    52434
   42.7   227.5   1.01    11.6    6.80      5686   20.0   1.0179e-01   20.0    27224
   45.2   241.0   0.89    99.1    1.99     88897    1.0   1.5915e+00    1.0    16324
   46.4   247.5   0.90    18.0    1.99     22511    3.3   4.0301e-01    3.3    14691
   39.8   211.9   1.07!  151.8  223.08    437016    3.6   7.8238e+00    3.6    52443
   42.7   227.8   0.88    11.6    3.91      5257   17.3   9.4121e-02   17.3    20174
   45.2   241.0   0.89    99.1    3.91     87059    1.2   1.5586e+00    1.2    20174
   46.4   247.4   0.89    18.0    3.91     21288    4.4   3.8112e-01    4.4    20174
   63.2   336.5   0.95     5.3    0.81      1594   26.0   2.8544e-02   26.0    13997
   72.7   387.4   0.94    45.4    1.46     25485    2.1   4.5625e-01    2.1    15599
   74.9   398.9   0.94    70.3    1.46     44516    1.4   7.9696e-01    1.4    17332
   77.1   410.7   0.94     5.3    1.46      1037   43.4   1.8560e-02   43.4    15599
   84.7   451.2   1.13!   26.4    1.53     18164    5.1   3.2518e-01    5.1    19900
   87.3   464.8   1.13!   12.6    1.53      5884   15.4   1.0534e-01   15.4    19900
   92.6   493.3   0.99     4.4    1.42      2033   21.4   3.6402e-02   21.4    16717
  121.8   648.5   0.99   159.8    1.68    206376    0.5   3.6947e+00    0.5    15137
  186.0   990.0   1.10     6.4    1.23      1929   16.6   3.4532e-02   16.6     9666
  238.8  1271.3   1.15    12.6    1.14      3250    8.4   5.8181e-02    8.4     6604
  242.1  1288.6   1.15     3.3    1.14       720   35.4   1.2897e-02   35.4     6604
  244.9  1303.7   1.16    67.5    1.14     39582    1.2   7.0863e-01    1.2     6604
  295.9  1575.0   1.23     8.5    2.61      3134    8.9   5.6108e-02    8.9     5017
  329.6  1754.6   1.27     3.5    1.28       481   46.9   8.6154e-03   46.9     5238
  338.6  1802.5   1.26     5.9    1.96       572   36.1   1.0243e-02   36.1     4169
  344.6  1834.1   1.27   114.0    1.96    106962    0.8   1.9149e+00    0.8     3848
  352.2  1874.8   1.29    15.1    0.78      3141    6.8   5.6237e-02    6.8     3686
  368.1  1959.4   1.34    14.1    1.09      3333    6.5   5.9679e-02    6.5     3482
  411.4  2190.1   1.39    26.5    1.10      8038    3.1   1.4391e-01    3.1     3245
  416.4  2216.7   1.39     3.5    1.10       444   38.9   7.9537e-03   38.9     3245
  444.3  2365.1   1.40    32.2    1.43     10364    2.6   1.8554e-01    2.6     2941
  489.0  2602.8   1.45     8.4    1.13      1180   15.9   2.1129e-02   15.9     2762
  503.8  2681.8   1.47     4.5    1.29       461   32.2   8.2484e-03   32.2     2631
  511.3  2721.8   2.96     6.4    1.29      4673    6.4   8.3657e-02    6.4     5261
  564.5  3004.6   1.54     8.1    1.23      1276   14.7   2.2847e-02   14.7     2892
  583.7  3106.7   1.55    10.7    1.02      1732   10.4   3.1000e-02   10.4     2598
  586.7  3123.0   1.56     8.0    1.02      1238   14.3   2.2170e-02   14.3     2771
  609.8  3245.8   1.72    14.4    0.90      3398    6.1   6.0830e-02    6.1     2577
  657.1  3497.4   1.65     5.0    0.94       416   40.0   7.4421e-03   40.0     2357
  675.3  3594.4   1.67     3.4    0.86       479   31.6   8.5738e-03   31.6     2219
  679.1  3614.9   1.68     8.8    0.86      1221   13.4   2.1856e-02   13.4     2219
  689.2  3668.3   1.86    10.2    1.51      2120    9.8   3.7957e-02    9.8     2509
  719.8  3831.2   1.73     3.5    1.02       655   26.8   1.1732e-02   26.8     2540
  765.7  4075.5   1.78     4.1    1.15       510   31.5   9.1296e-03   31.5     2148
  769.3  4094.7   1.78     3.4    1.15       466   35.3   8.3404e-03   35.3     2148
  779.5  4148.9   1.80    54.5    1.42     27500    1.4   4.9232e-01    1.4     2036
  795.4  4233.7   1.81     3.5    1.09       375   40.8   6.7101e-03   40.8     1832
  811.0  4316.8   1.83     4.6    1.07       626   26.1   1.1210e-02   26.1     2097
  842.1  4482.2   1.87     3.3    1.12       285   57.4   5.1087e-03   57.4     2119
  868.0  4620.1   1.85    29.8    0.95      8327    2.8   1.4908e-01    2.8     2015
  911.8  4853.3   1.95     9.7    0.95      1162   10.5   2.0796e-02   10.5     1557
  919.9  4896.5   1.96     5.8    0.95       826   13.6   1.4779e-02   13.6     1557
  926.9  4933.4   1.97     5.4    0.95       435   24.4   7.7789e-03   24.4     1557
  934.3  4972.9   1.98     3.3    0.95       200   52.8   3.5844e-03   52.8     1557
  964.8  5135.0   1.99    56.0    1.23     26682    1.3   4.7768e-01    1.3     1248
  969.7  5161.1   1.99     6.9    1.23       838   18.2   1.5006e-02   18.2     1248
 1005.9  5354.1   2.06     9.0    1.25      1279   11.2   2.2891e-02   11.2     1207
 1086.6  5783.5   2.16    43.3    1.20     16740    1.7   2.9969e-01    1.7     1097
 1090.5  5804.0   2.17    15.6    1.20      2873    6.1   5.1441e-02    6.1     1044
 1112.8  5923.2   2.17    51.1    1.20     22409    1.4   4.0119e-01    1.4     1068
 1121.1  5967.2   2.18     5.8    1.20       953   13.8   1.7055e-02   13.8     1121
 1213.8  6460.6   2.32    15.8    0.91      2192    6.5   3.9251e-02    6.5      945
 1238.8  6593.6   2.34     4.7    0.92       315   29.0   5.6404e-03   29.0      792
 1250.8  6657.4   2.35     3.5    0.92       283   30.2   5.0743e-03   30.2      792
 1275.2  6787.5   2.38     4.5    0.97       368   27.4   6.5912e-03   27.4      655
 1293.8  6886.1   2.37     3.4    1.02       171   46.4   3.0547e-03   46.4      444
 1300.0  6919.3   2.38    15.7    1.02      2334    5.0   4.1782e-02    5.0      464
 1378.9  7339.0   2.50     4.1    0.87       221   30.5   3.9519e-03   30.5      281
 1409.0  7499.2   2.49    59.4    1.62     28381    1.3   5.0810e-01    1.3      230
 1458.9  7765.1   2.52     5.1    1.38       766   12.7   1.3711e-02   12.7      189
 1461.8  7780.5   2.52    28.5    1.38      7147    2.9   1.2796e-01    2.9      181
 1510.4  8038.9   2.65     5.0    0.95       129   40.0   2.3171e-03   40.0      151
 1529.1  8138.8   2.68     4.7    0.99       335   18.1   6.0041e-03   18.1      147
 1589.4  8459.6   2.75     4.5    1.15       124   47.3   2.2125e-03   47.3      189
 1730.5  9210.4   2.91     5.1    1.04       176   27.0   3.1571e-03   27.0       97
 1765.6  9397.5   2.95     8.4    1.01       811    8.5   1.4519e-02    8.5      113
 1849.0  9841.0   3.05     3.9    0.98       142   29.7   2.5482e-03   29.7       74
 2104.6 11201.5   3.35     3.6    1.14       169   27.8   3.0325e-03   27.8       92
 2205.4 11738.3   3.47     5.4    0.97       251   18.5   4.5008e-03   18.5       69
 2448.9 13033.9   3.76     3.6    0.97        80   44.8   1.4368e-03   44.8       62
 2616.1 13923.7   3.91    12.8    1.33      1322    5.8   2.3659e-02    5.8       34

 ! indicates the Iterative Peak Width fitting reached a limiting value.
