"""
Cesium 137 from nndc, E = 0
"""

Energy(keV) 	Intensity(%) 	Dose( MeV/Bq-s )      Energy(5cm)     Peak_area(5cm)      Energy(10cm)     Peak_area(10cm)      Energy(15cm)     Peak_area(15cm)      Energy(18cm)     Peak_area(18cm)      Energy(22cm)     Peak_area(22cm)      Energy(30cm)     Peak_area(30cm)      Energy(40cm)     Peak_area(40cm)      Energy(50cm)     Peak_area(50cm)      Energy(60cm)     Peak_area(60cm)

661.657    3    85.10    % 20   0.5631   13           661.7           64531               661.7            40680                661.7            16834                661.8            10072                662.1            10507                662.0            11313                Nan              Nan                  662.1            13037                661.2            36407


"""
Barium 133 from nndc, E = 0
"""
Energy(keV) 	Intensity(%) 	Dose( MeV/Bq-s )

80.9979    11   32.9     % 3  	0.0267   3 
160.6120   16   0.638    % 5  	0.001025 9 
223.2368   13   0.453    % 3  	0.001011 8 
276.3989   12  	7.16     % 5  	0.01979  13 
302.8508   5  	18.34    % 13  	0.0555   4 
356.0129   7  	62.05    % 	    0.2209
383.8485   12  	8.94     % 6  	0.03432  24 


"""
Europium 152 from nndc, E = 0
"""
Energy(keV) 	Intensity(%) 	Dose( MeV/Bq-s )

271.08     4  	0.0715   % 19   1.94E-4  5 
315.10     3  	0.0399   % 11   1.26E-4  3 
324.83     3  	0.0681   % 19   2.21E-4  6 
344.2785   12  	26.59    % 20   0.0915   7 
351.66     5  	0.0106   % 8    3.7E-5   3 
367.7891   20  	0.859    % 6    0.003161 21 
411.1165   12  	2.237    % 13   0.00920  5 
503.467    9    0.1524   % 20   7.67E-4  10 
520.24     4    0.0534   % 16   2.78E-4  8 
526.88     5    0.0120   % 8    6.3E-5   4 
534.25     5    0.0410   % 11   2.19E-4  6 
557.8 	   -    0.0029   % 3    1.63E-5  19 
586.2648   26  	0.455    % 4    0.002666 24 
675.0 	   -    0.0213   % 8    1.44E-4  5 
678.623    5  	0.473    % 4    0.00321  3 
712.83     5  	0.0955   % 24   6.80E-4  17 
764.88     4  	0.189    % 4    0.00145  3 
778.9045   24  	12.93    % 8    0.1007   7 
794.78     5  	0.0263   % 16   2.09E-4  13 
930.59     5  	0.0729   % 19   6.78E-4  18 
974.09     5  	0.0136   % 8    1.32E-4  8 
990.18     5  	0.0314   % 13   3.11E-4  13 
1089.737   5  	1.734    % 11   0.01889  12 
1109.18    5  	0.189    % 6    0.00209  7 
1206.09    16  	0.0130   % 13   1.57E-4  16 
1261.35    5  	0.0335   % 13   4.23E-4  17 
1299.142   8  	1.633    % 11   0.02121  14 
1348.10    7  	0.0173   % 8    2.33E-4  11 
121.7817   3  	28.53    % 16  	0.03475  20 
148.00     5  	0.0205   % 11  	3.03E-5  16 
212.43     11  	0.0207   % 5  	4.41E-5  11 
244.6974   8  	7.55     % 4  	0.01847  10 
251.633    9  	0.0670   % 19  	1.69E-4  5 
275.42     4  	0.0346   % 8  	9.52E-5  22 
295.9387   17  	0.440    % 4  	0.001303 13 
316.13     13  	0.0101   % 5  	3.18E-5  16 
329.41     5  	0.1213   % 24  	3.99E-4  8 
340.46     10  	0.0266   % 8  	9.1E-5   3 
416.02     3  	0.1088   % 19  	4.52E-4  8 
423.45     4  	0.00298  % 21  	1.26E-5  9 
443.9606   16  	2.827    % 14  	0.01255  6 
444.01     17  	0.298    % 11  	0.00132  5 
482.33     5  	0.0247   % 8  	1.19E-4  4 
488.6792   20  	0.414    % 3  	0.002024 16 
493.54     4  	0.0303   % 13  	1.50E-4  7 
523.13     5  	0.0153   % 6  	8.0E-5   3 
556.48     10  	0.0177   % 6  	9.9E-5   3 
562.98     14  	0.0202   % 19  	1.14E-4  10 
563.986    5  	0.494    % 5  	0.00278  3 
566.438    6  	0.131    % 3  	7.43E-4  18 
656.489    5  	0.1441   % 22  	9.46E-4  15 
671.155    14  	0.024    % 4  	1.6E-4   3 
674.64     14  	0.169    % 3  	0.001141 22 
683.25     9  	0.0047   % 3  	3.23E-5  18 
686.60     5  	0.0203   % 7  	1.39E-4  5 
688.670    5  	0.856    % 6  	0.00590  4 
719.346    7  	0.250    % 8  	0.00180  6 
719.36     14  	0.095    % 3  	6.83E-4  23 
728.04     4  	0.0111   % 4  	8.1E-5   3 
768.96     4  	0.082    % 4  	6.3E-4   3 
805.71     9  	0.0152   % 6  	1.22E-4  5 
810.451    5  	0.317    % 3  	0.002571 24 
839.36     4  	0.0177   % 5  	1.49E-4  4 
841.574    5  	0.168    % 3  	0.00141  3 
867.380    3  	4.23     % 3  	0.0367   3 
919.337    4  	0.419    % 5  	0.00385  4 
926.31     5    0.272    % 3  	0.00252  3 
958.63     5    0.0197   % 11  	1.89E-4  10 
963.367    7    0.140    % 6  	0.00135  6 
964.057    5  	14.51    % 7  	0.1399   7 
1005.27    5  	0.659    % 11  	0.00663  11 
1084.38    11  	0.0106   % 8  	1.15E-4  9 
1085.837   10  	10.11    % 5  	0.1098   5 
1112.076   3  	13.67    % 8  	0.1520   9 
1170.97    9  	0.0372   % 16  	4.36E-4  19 
1212.948   11  	1.415    % 8  	0.01716  10 
1249.94    5  	0.187    % 3  	0.00234  3 
1292.78    5  	0.101    % 3  	0.00130  3 
1363.78    5  	0.0258   % 6  	3.52E-4  8 
1408.013   3  	20.87    % 9  	0.2938   13 
1457.643   11  	0.497    % 4  	0.00724  6 
1528.10    4  	0.279    % 3  	0.00427  5 